6.000000000000000000e+06 3.312907791137695312e+01 -3.401933898925781250e+02
6.128000000000000000e+06 3.178926086425781250e+01 -3.328786315917968750e+02
6.256000000000000000e+06 3.090236663818359375e+01 -3.257407836914062500e+02
6.384000000000000000e+06 2.980821800231933594e+01 -3.190549926757812500e+02
6.512000000000000000e+06 2.866844940185546875e+01 -3.124190063476562500e+02
6.640000000000000000e+06 2.788528823852539062e+01 -3.062149353027343750e+02
6.768000000000000000e+06 2.697867774963378906e+01 -2.999715576171875000e+02
6.896000000000000000e+06 2.632478332519531250e+01 -2.941678771972656250e+02
7.024000000000000000e+06 2.577337646484375000e+01 -2.884046630859375000e+02
7.152000000000000000e+06 2.506428718566894531e+01 -2.828045654296875000e+02
7.280000000000000000e+06 2.442519378662109375e+01 -2.773932189941406250e+02
7.408000000000000000e+06 2.406007575988769531e+01 -2.723414611816406250e+02
7.536000000000000000e+06 2.359209823608398438e+01 -2.673409729003906250e+02
7.664000000000000000e+06 2.326421546936035156e+01 -2.626549987792968750e+02
7.792000000000000000e+06 2.253084182739257812e+01 -2.582760009765625000e+02
7.920000000000000000e+06 2.196259880065917969e+01 -2.536356964111328125e+02
8.048000000000000000e+06 2.116558837890625000e+01 -2.489412384033203125e+02
8.176000000000000000e+06 2.090155792236328125e+01 -2.444637908935546875e+02
8.304000000000000000e+06 2.052952194213867188e+01 -2.398830413818359375e+02
8.432000000000000000e+06 2.036518669128417969e+01 -2.352956085205078125e+02
8.560000000000000000e+06 2.051313400268554688e+01 -2.306305389404296875e+02
8.688000000000000000e+06 2.180806159973144531e+01 -2.267269897460937500e+02
8.816000000000000000e+06 2.250376701354980469e+01 -2.244829406738281250e+02
8.944000000000000000e+06 2.190623474121093750e+01 -2.219682464599609375e+02
9.072000000000000000e+06 2.088012313842773438e+01 -2.189495391845703125e+02
9.200000000000000000e+06 2.017117691040039062e+01 -2.155109710693359375e+02
9.328000000000000000e+06 1.958847999572753906e+01 -2.120787811279296875e+02
9.456000000000000000e+06 1.916639328002929688e+01 -2.084292144775390625e+02
9.584000000000000000e+06 1.899820709228515625e+01 -2.049028472900390625e+02
9.712000000000000000e+06 1.900357246398925781e+01 -2.015363159179687500e+02
9.840000000000000000e+06 1.892929267883300781e+01 -1.981411590576171875e+02
9.968000000000000000e+06 1.898538398742675781e+01 -1.949251098632812500e+02
1.009600000000000000e+07 1.914039039611816406e+01 -1.918797149658203125e+02
1.022400000000000000e+07 1.918193054199218750e+01 -1.887979583740234375e+02
1.035200000000000000e+07 1.947675514221191406e+01 -1.857851562500000000e+02
1.048000000000000000e+07 1.965344619750976562e+01 -1.829604492187500000e+02
1.060800000000000000e+07 1.979971885681152344e+01 -1.801988983154296875e+02
1.073600000000000000e+07 1.986063194274902344e+01 -1.772887268066406250e+02
1.086400000000000000e+07 2.008179855346679688e+01 -1.743873291015625000e+02
1.099200000000000000e+07 2.049192047119140625e+01 -1.715087585449218750e+02
1.112000000000000000e+07 2.093666648864746094e+01 -1.686031494140625000e+02
1.124800000000000000e+07 2.156053352355957031e+01 -1.656798095703125000e+02
1.137600000000000000e+07 2.244703292846679688e+01 -1.628648834228515625e+02
1.150400000000000000e+07 2.343743896484375000e+01 -1.603571624755859375e+02
1.163200000000000000e+07 2.460627174377441406e+01 -1.577815399169921875e+02
1.176000000000000000e+07 2.601448440551757812e+01 -1.554406433105468750e+02
1.188800000000000000e+07 2.765261840820312500e+01 -1.532258605957031250e+02
1.201600000000000000e+07 2.946940422058105469e+01 -1.515161437988281250e+02
1.214400000000000000e+07 3.127353668212890625e+01 -1.505179290771484375e+02
1.227200000000000000e+07 3.279019165039062500e+01 -1.498896942138671875e+02
1.240000000000000000e+07 3.342308425903320312e+01 -1.494932708740234375e+02
1.252800000000000000e+07 3.379780197143554688e+01 -1.483433532714843750e+02
1.265600000000000000e+07 3.462340545654296875e+01 -1.470719604492187500e+02
1.278400000000000000e+07 3.595307922363281250e+01 -1.459137420654296875e+02
1.291200000000000000e+07 3.737564086914062500e+01 -1.452663421630859375e+02
1.304000000000000000e+07 3.876442718505859375e+01 -1.451762237548828125e+02
1.316800000000000000e+07 4.005146026611328125e+01 -1.454853820800781250e+02
1.329600000000000000e+07 4.067386627197265625e+01 -1.462075500488281250e+02
1.342400000000000000e+07 4.096969604492187500e+01 -1.467142028808593750e+02
1.355200000000000000e+07 4.103021240234375000e+01 -1.475915527343750000e+02
1.368000000000000000e+07 4.028138351440429688e+01 -1.488814544677734375e+02
1.380800000000000000e+07 3.866703796386718750e+01 -1.494101104736328125e+02
1.393600000000000000e+07 3.700661468505859375e+01 -1.491382293701171875e+02
1.406400000000000000e+07 3.573242187500000000e+01 -1.485852355957031250e+02
1.419200000000000000e+07 3.436014938354492188e+01 -1.478524322509765625e+02
1.432000000000000000e+07 3.297148513793945312e+01 -1.469976196289062500e+02
1.444800000000000000e+07 3.162498474121093750e+01 -1.459616546630859375e+02
1.457600000000000000e+07 3.026780700683593750e+01 -1.443109741210937500e+02
1.470400000000000000e+07 2.930606842041015625e+01 -1.426667327880859375e+02
1.483200000000000000e+07 2.864572715759277344e+01 -1.407327117919921875e+02
1.496000000000000000e+07 2.831722831726074219e+01 -1.388846893310546875e+02
1.508800000000000000e+07 2.805882644653320312e+01 -1.369111633300781250e+02
1.521600000000000000e+07 2.808037567138671875e+01 -1.353123474121093750e+02
1.534400000000000000e+07 2.850796127319335938e+01 -1.335498962402343750e+02
1.547200000000000000e+07 2.910556983947753906e+01 -1.320927276611328125e+02
1.560000000000000000e+07 2.980480384826660156e+01 -1.308609619140625000e+02
1.572800000000000000e+07 3.080754280090332031e+01 -1.299152679443359375e+02
1.585600000000000000e+07 3.182129478454589844e+01 -1.293320007324218750e+02
1.598400000000000000e+07 3.271703338623046875e+01 -1.290503387451171875e+02
1.611200000000000000e+07 3.357381439208984375e+01 -1.291766662597656250e+02
1.624000000000000000e+07 3.407871246337890625e+01 -1.297403411865234375e+02
1.636800000000000000e+07 3.419231033325195312e+01 -1.304229736328125000e+02
1.649600000000000000e+07 3.389986801147460938e+01 -1.311573181152343750e+02
1.662400000000000000e+07 3.316325378417968750e+01 -1.317757568359375000e+02
1.675200000000000000e+07 3.202560043334960938e+01 -1.322687225341796875e+02
1.688000000000000000e+07 3.069411468505859375e+01 -1.325127868652343750e+02
1.700800000000000000e+07 2.911404609680175781e+01 -1.323756103515625000e+02
1.713600000000000000e+07 2.757998466491699219e+01 -1.318682098388671875e+02
1.726400000000000000e+07 2.603967475891113281e+01 -1.310909881591796875e+02
1.739200000000000000e+07 2.464268112182617188e+01 -1.299847259521484375e+02
1.752000000000000000e+07 2.336866950988769531e+01 -1.287462615966796875e+02
1.764800000000000000e+07 2.242951774597167969e+01 -1.273724212646484375e+02
1.777600000000000000e+07 2.160849189758300781e+01 -1.259504318237304688e+02
1.790400000000000000e+07 2.107662200927734375e+01 -1.245134506225585938e+02
1.803200000000000000e+07 2.059522438049316406e+01 -1.230645675659179688e+02
1.816000000000000000e+07 2.037112617492675781e+01 -1.217847976684570312e+02
1.828800000000000000e+07 2.016693115234375000e+01 -1.205599060058593750e+02
1.841600000000000000e+07 2.004360389709472656e+01 -1.194224395751953125e+02
1.854400000000000000e+07 1.990532875061035156e+01 -1.184136047363281250e+02
1.867200000000000000e+07 1.986172294616699219e+01 -1.175019760131835938e+02
1.880000000000000000e+07 1.982861137390136719e+01 -1.166986160278320312e+02
1.892800000000000000e+07 1.973677253723144531e+01 -1.159481887817382812e+02
1.905600000000000000e+07 1.948714637756347656e+01 -1.152377395629882812e+02
1.918400000000000000e+07 1.922503471374511719e+01 -1.145068283081054688e+02
1.931200000000000000e+07 1.886468505859375000e+01 -1.137825546264648438e+02
1.944000000000000000e+07 1.850200080871582031e+01 -1.129992980957031250e+02
1.956800000000000000e+07 1.820609092712402344e+01 -1.122125549316406250e+02
1.969600000000000000e+07 1.787957191467285156e+01 -1.113827819824218750e+02
1.982400000000000000e+07 1.753739166259765625e+01 -1.104735565185546875e+02
1.995200000000000000e+07 1.715971755981445312e+01 -1.095801773071289062e+02
2.008000000000000000e+07 1.685691642761230469e+01 -1.086061935424804688e+02
2.020800000000000000e+07 1.661256980895996094e+01 -1.076397933959960938e+02
2.033600000000000000e+07 1.647983741760253906e+01 -1.066676635742187500e+02
2.046400000000000000e+07 1.634425926208496094e+01 -1.056709747314453125e+02
2.059200000000000000e+07 1.632301521301269531e+01 -1.047785720825195312e+02
2.072000000000000000e+07 1.626389694213867188e+01 -1.039175872802734375e+02
2.084800000000000000e+07 1.614437294006347656e+01 -1.030280685424804688e+02
2.097600000000000000e+07 1.600441932678222656e+01 -1.022114944458007812e+02
2.110400000000000000e+07 1.595242500305175781e+01 -1.013362579345703125e+02
2.123200000000000000e+07 1.586170864105224609e+01 -1.005042419433593750e+02
2.136000000000000000e+07 1.578938674926757812e+01 -9.960763549804687500e+01
2.148800000000000000e+07 1.580516910552978516e+01 -9.867547607421875000e+01
2.161600000000000000e+07 1.588485527038574219e+01 -9.777535247802734375e+01
2.174400000000000000e+07 1.598052597045898438e+01 -9.690093994140625000e+01
2.187200000000000000e+07 1.616802406311035156e+01 -9.607644653320312500e+01
2.200000000000000000e+07 1.635025405883789062e+01 -9.530319213867187500e+01
2.212800000000000000e+07 1.654286956787109375e+01 -9.454995727539062500e+01
2.225600000000000000e+07 1.677666854858398438e+01 -9.382180786132812500e+01
2.238400000000000000e+07 1.705356788635253906e+01 -9.320706176757812500e+01
2.251200000000000000e+07 1.730099678039550781e+01 -9.262818145751953125e+01
2.264000000000000000e+07 1.753785514831542969e+01 -9.207283020019531250e+01
2.276800000000000000e+07 1.778424072265625000e+01 -9.156707763671875000e+01
2.289600000000000000e+07 1.799870491027832031e+01 -9.102466583251953125e+01
2.302400000000000000e+07 1.827327537536621094e+01 -9.061230468750000000e+01
2.315200000000000000e+07 1.849420356750488281e+01 -9.025052642822265625e+01
2.328000000000000000e+07 1.871786499023437500e+01 -8.990167236328125000e+01
2.340800000000000000e+07 1.884059524536132812e+01 -8.959470367431640625e+01
2.353600000000000000e+07 1.896191024780273438e+01 -8.929834747314453125e+01
2.366400000000000000e+07 1.900827789306640625e+01 -8.898264312744140625e+01
2.379200000000000000e+07 1.911884307861328125e+01 -8.870749664306640625e+01
2.392000000000000000e+07 1.918630409240722656e+01 -8.845684814453125000e+01
2.404800000000000000e+07 1.913844490051269531e+01 -8.822695922851562500e+01
2.417600000000000000e+07 1.910624313354492188e+01 -8.796865844726562500e+01
2.430400000000000000e+07 1.907466316223144531e+01 -8.769754791259765625e+01
2.443200000000000000e+07 1.900245475769042969e+01 -8.742050933837890625e+01
2.456000000000000000e+07 1.890429496765136719e+01 -8.718014526367187500e+01
2.468800000000000000e+07 1.870823097229003906e+01 -8.689562988281250000e+01
2.481600000000000000e+07 1.859876441955566406e+01 -8.650445556640625000e+01
2.494400000000000000e+07 1.845479011535644531e+01 -8.612673950195312500e+01
2.507200000000000000e+07 1.835682296752929688e+01 -8.572280883789062500e+01
2.520000000000000000e+07 1.833555412292480469e+01 -8.528879547119140625e+01
2.532800000000000000e+07 1.833325767517089844e+01 -8.489682769775390625e+01
2.545600000000000000e+07 1.830767822265625000e+01 -8.457352447509765625e+01
2.558400000000000000e+07 1.824405288696289062e+01 -8.430233764648437500e+01
2.571200000000000000e+07 1.820290946960449219e+01 -8.399853515625000000e+01
2.584000000000000000e+07 1.813710021972656250e+01 -8.373980712890625000e+01
2.596800000000000000e+07 1.805187416076660156e+01 -8.343558502197265625e+01
2.609600000000000000e+07 1.790072441101074219e+01 -8.311474609375000000e+01
2.622400000000000000e+07 1.782356834411621094e+01 -8.280935668945312500e+01
2.635200000000000000e+07 1.765357398986816406e+01 -8.251535034179687500e+01
2.648000000000000000e+07 1.758565711975097656e+01 -8.219531250000000000e+01
2.660800000000000000e+07 1.745912742614746094e+01 -8.189682006835937500e+01
2.673600000000000000e+07 1.731411933898925781e+01 -8.155807495117187500e+01
2.686400000000000000e+07 1.723005104064941406e+01 -8.127883148193359375e+01
2.699200000000000000e+07 1.703996276855468750e+01 -8.099517822265625000e+01
2.712000000000000000e+07 1.687534904479980469e+01 -8.068444824218750000e+01
2.724800000000000000e+07 1.667422866821289062e+01 -8.035324859619140625e+01
2.737600000000000000e+07 1.649756050109863281e+01 -7.998236846923828125e+01
2.750400000000000000e+07 1.633179664611816406e+01 -7.963010406494140625e+01
2.763200000000000000e+07 1.614840316772460938e+01 -7.929827880859375000e+01
2.776000000000000000e+07 1.601035499572753906e+01 -7.893429565429687500e+01
2.788800000000000000e+07 1.580851840972900391e+01 -7.860699462890625000e+01
2.801600000000000000e+07 1.560076332092285156e+01 -7.823941802978515625e+01
2.814400000000000000e+07 1.539237117767333984e+01 -7.785455322265625000e+01
2.827200000000000000e+07 1.517193222045898438e+01 -7.739749145507812500e+01
2.840000000000000000e+07 1.498411464691162109e+01 -7.696111297607421875e+01
2.852800000000000000e+07 1.481067466735839844e+01 -7.649869537353515625e+01
2.865600000000000000e+07 1.470338439941406250e+01 -7.599496459960937500e+01
2.878400000000000000e+07 1.457701683044433594e+01 -7.550528717041015625e+01
2.891200000000000000e+07 1.454990482330322266e+01 -7.503396606445312500e+01
2.904000000000000000e+07 1.451397609710693359e+01 -7.458331298828125000e+01
2.916800000000000000e+07 1.445676612854003906e+01 -7.419422912597656250e+01
2.929600000000000000e+07 1.437840080261230469e+01 -7.380043029785156250e+01
2.942400000000000000e+07 1.427674198150634766e+01 -7.339891052246093750e+01
2.955200000000000000e+07 1.416320419311523438e+01 -7.299732208251953125e+01
2.968000000000000000e+07 1.401124954223632812e+01 -7.254867553710937500e+01
2.980800000000000000e+07 1.386561870574951172e+01 -7.206548309326171875e+01
2.993600000000000000e+07 1.377920341491699219e+01 -7.151020050048828125e+01
3.006400000000000000e+07 1.375941467285156250e+01 -7.096659088134765625e+01
3.019200000000000000e+07 1.382840824127197266e+01 -7.044737243652343750e+01
3.032000000000000000e+07 1.389335727691650391e+01 -6.998713684082031250e+01
3.044800000000000000e+07 1.398136138916015625e+01 -6.957149505615234375e+01
3.057600000000000000e+07 1.404694080352783203e+01 -6.918081665039062500e+01
3.070400000000000000e+07 1.409913539886474609e+01 -6.882656860351562500e+01
3.083200000000000000e+07 1.415803718566894531e+01 -6.849496459960937500e+01
3.096000000000000000e+07 1.414707946777343750e+01 -6.813201904296875000e+01
3.108800000000000000e+07 1.414371585845947266e+01 -6.777360534667968750e+01
3.121600000000000000e+07 1.416058826446533203e+01 -6.736671447753906250e+01
3.134400000000000000e+07 1.422529125213623047e+01 -6.698458099365234375e+01
3.147200000000000000e+07 1.429309272766113281e+01 -6.661557769775390625e+01
3.160000000000000000e+07 1.436430168151855469e+01 -6.628239440917968750e+01
3.172800000000000000e+07 1.438242340087890625e+01 -6.594229888916015625e+01
3.185600000000000000e+07 1.441026210784912109e+01 -6.561281585693359375e+01
3.198400000000000000e+07 1.442196559906005859e+01 -6.524088287353515625e+01
3.211200000000000000e+07 1.441108894348144531e+01 -6.479979705810546875e+01
3.224000000000000000e+07 1.450843620300292969e+01 -6.436564636230468750e+01
3.236800000000000000e+07 1.463263607025146484e+01 -6.394174957275390625e+01
3.249600000000000000e+07 1.483028602600097656e+01 -6.356323623657226562e+01
3.262400000000000000e+07 1.505590534210205078e+01 -6.325790786743164062e+01
3.275200000000000000e+07 1.519458866119384766e+01 -6.300764846801757812e+01
3.288000000000000000e+07 1.532260227203369141e+01 -6.282304382324218750e+01
3.300800000000000000e+07 1.541930294036865234e+01 -6.264413452148437500e+01
3.313600000000000000e+07 1.543906307220458984e+01 -6.245225143432617188e+01
3.326400000000000000e+07 1.542095470428466797e+01 -6.217214965820312500e+01
3.339200000000000000e+07 1.542237472534179688e+01 -6.182348632812500000e+01
3.352000000000000000e+07 1.549234580993652344e+01 -6.151395797729492188e+01
3.364800000000000000e+07 1.562835502624511719e+01 -6.117619323730468750e+01
3.377600000000000000e+07 1.574972248077392578e+01 -6.092921066284179688e+01
3.390400000000000000e+07 1.589602756500244141e+01 -6.066760253906250000e+01
3.403200000000000000e+07 1.604285240173339844e+01 -6.045845031738281250e+01
3.416000000000000000e+07 1.613224792480468750e+01 -6.022649383544921875e+01
3.428800000000000000e+07 1.620574760437011719e+01 -6.004339981079101562e+01
3.441600000000000000e+07 1.632535171508789062e+01 -5.982153701782226562e+01
3.454400000000000000e+07 1.638623237609863281e+01 -5.963822174072265625e+01
3.467200000000000000e+07 1.646068763732910156e+01 -5.942274856567382812e+01
3.480000000000000000e+07 1.654918098449707031e+01 -5.920753860473632812e+01
3.492800000000000000e+07 1.663904380798339844e+01 -5.902532196044921875e+01
3.505600000000000000e+07 1.673498344421386719e+01 -5.881915664672851562e+01
3.518400000000000000e+07 1.683641624450683594e+01 -5.866096878051757812e+01
3.531200000000000000e+07 1.693273544311523438e+01 -5.853253173828125000e+01
3.544000000000000000e+07 1.696594238281250000e+01 -5.839391708374023438e+01
3.556800000000000000e+07 1.697786712646484375e+01 -5.824177551269531250e+01
3.569600000000000000e+07 1.698163795471191406e+01 -5.804866027832031250e+01
3.582400000000000000e+07 1.702129364013671875e+01 -5.784062957763671875e+01
3.595200000000000000e+07 1.705574417114257812e+01 -5.762818908691406250e+01
3.608000000000000000e+07 1.717395973205566406e+01 -5.742258071899414062e+01
3.620800000000000000e+07 1.727072715759277344e+01 -5.727354049682617188e+01
3.633600000000000000e+07 1.738152313232421875e+01 -5.718519973754882812e+01
3.646400000000000000e+07 1.745134353637695312e+01 -5.711628723144531250e+01
3.659200000000000000e+07 1.742148208618164062e+01 -5.704500579833984375e+01
3.672000000000000000e+07 1.737731552124023438e+01 -5.693770599365234375e+01
3.684800000000000000e+07 1.727025985717773438e+01 -5.678710174560546875e+01
3.697600000000000000e+07 1.724658775329589844e+01 -5.659543228149414062e+01
3.710400000000000000e+07 1.723130989074707031e+01 -5.637317276000976562e+01
3.723200000000000000e+07 1.726807212829589844e+01 -5.615890502929687500e+01
3.736000000000000000e+07 1.731842803955078125e+01 -5.599042129516601562e+01
3.748800000000000000e+07 1.737287330627441406e+01 -5.582613372802734375e+01
3.761600000000000000e+07 1.738761329650878906e+01 -5.569863891601562500e+01
3.774400000000000000e+07 1.739095878601074219e+01 -5.561119461059570312e+01
3.787200000000000000e+07 1.737556457519531250e+01 -5.548057937622070312e+01
3.800000000000000000e+07 1.730911636352539062e+01 -5.529621124267578125e+01
3.812800000000000000e+07 1.727484321594238281e+01 -5.506069183349609375e+01
3.825600000000000000e+07 1.725325584411621094e+01 -5.490165710449218750e+01
3.838400000000000000e+07 1.720836448669433594e+01 -5.472634887695312500e+01
3.851200000000000000e+07 1.720736503601074219e+01 -5.451054763793945312e+01
3.864000000000000000e+07 1.722036552429199219e+01 -5.428059387207031250e+01
3.876800000000000000e+07 1.720108413696289062e+01 -5.409589004516601562e+01
3.889600000000000000e+07 1.718380165100097656e+01 -5.388671493530273438e+01
3.902400000000000000e+07 1.716392707824707031e+01 -5.369963455200195312e+01
3.915200000000000000e+07 1.715587043762207031e+01 -5.347421264648437500e+01
3.928000000000000000e+07 1.717850112915039062e+01 -5.322860336303710938e+01
3.940800000000000000e+07 1.718735885620117188e+01 -5.298370361328125000e+01
3.953600000000000000e+07 1.721095085144042969e+01 -5.270711517333984375e+01
3.966400000000000000e+07 1.727167129516601562e+01 -5.247412109375000000e+01
3.979200000000000000e+07 1.734045410156250000e+01 -5.225880432128906250e+01
3.992000000000000000e+07 1.741629028320312500e+01 -5.205246353149414062e+01
4.004800000000000000e+07 1.751211357116699219e+01 -5.186334609985351562e+01
4.017600000000000000e+07 1.760161018371582031e+01 -5.168084716796875000e+01
4.030400000000000000e+07 1.767547035217285156e+01 -5.148283767700195312e+01
4.043200000000000000e+07 1.774580764770507812e+01 -5.128884887695312500e+01
4.056000000000000000e+07 1.781858444213867188e+01 -5.109902954101562500e+01
4.068800000000000000e+07 1.790483474731445312e+01 -5.090311813354492188e+01
4.081600000000000000e+07 1.801508331298828125e+01 -5.068834304809570312e+01
4.094400000000000000e+07 1.815266227722167969e+01 -5.045935058593750000e+01
4.107200000000000000e+07 1.830179977416992188e+01 -5.024124908447265625e+01
4.120000000000000000e+07 1.850980377197265625e+01 -5.010686492919921875e+01
4.132800000000000000e+07 1.865940856933593750e+01 -5.000376892089843750e+01
4.145600000000000000e+07 1.880853843688964844e+01 -4.990810012817382812e+01
4.158400000000000000e+07 1.894207954406738281e+01 -4.977182388305664062e+01
4.171200000000000000e+07 1.904923057556152344e+01 -4.965536499023437500e+01
4.184000000000000000e+07 1.914765357971191406e+01 -4.954436111450195312e+01
4.196800000000000000e+07 1.925883293151855469e+01 -4.943748855590820312e+01
4.209600000000000000e+07 1.941952705383300781e+01 -4.929400253295898438e+01
4.222400000000000000e+07 1.958085441589355469e+01 -4.918958282470703125e+01
4.235200000000000000e+07 1.975160980224609375e+01 -4.912114715576171875e+01
4.248000000000000000e+07 1.987751388549804688e+01 -4.907568359375000000e+01
4.260800000000000000e+07 1.997707939147949219e+01 -4.907833480834960938e+01
4.273600000000000000e+07 2.005773925781250000e+01 -4.906100082397460938e+01
4.286400000000000000e+07 2.012906455993652344e+01 -4.903857040405273438e+01
4.299200000000000000e+07 2.017716217041015625e+01 -4.896869277954101562e+01
4.312000000000000000e+07 2.022312164306640625e+01 -4.885836410522460938e+01
4.324800000000000000e+07 2.028612136840820312e+01 -4.877701187133789062e+01
4.337600000000000000e+07 2.036772155761718750e+01 -4.868060684204101562e+01
4.350400000000000000e+07 2.051158142089843750e+01 -4.860482025146484375e+01
4.363200000000000000e+07 2.066448211669921875e+01 -4.854369354248046875e+01
4.376000000000000000e+07 2.077597999572753906e+01 -4.857250595092773438e+01
4.388800000000000000e+07 2.089676666259765625e+01 -4.857076644897460938e+01
4.401600000000000000e+07 2.097954368591308594e+01 -4.859759521484375000e+01
4.414400000000000000e+07 2.101057434082031250e+01 -4.863441848754882812e+01
4.427200000000000000e+07 2.103286170959472656e+01 -4.863396453857421875e+01
4.440000000000000000e+07 2.107140922546386719e+01 -4.859255218505859375e+01
4.452800000000000000e+07 2.109194946289062500e+01 -4.853828430175781250e+01
4.465600000000000000e+07 2.114876556396484375e+01 -4.845196914672851562e+01
4.478400000000000000e+07 2.125499343872070312e+01 -4.839550399780273438e+01
4.491200000000000000e+07 2.134881019592285156e+01 -4.837960433959960938e+01
4.504000000000000000e+07 2.144697380065917969e+01 -4.838765335083007812e+01
4.516800000000000000e+07 2.155979728698730469e+01 -4.839509582519531250e+01
4.529600000000000000e+07 2.164267158508300781e+01 -4.840121841430664062e+01
4.542400000000000000e+07 2.167096138000488281e+01 -4.843516921997070312e+01
4.555200000000000000e+07 2.170129013061523438e+01 -4.845561218261718750e+01
4.568000000000000000e+07 2.171222877502441406e+01 -4.847740173339843750e+01
4.580800000000000000e+07 2.172169113159179688e+01 -4.846838378906250000e+01
4.593600000000000000e+07 2.174344825744628906e+01 -4.845346450805664062e+01
4.606400000000000000e+07 2.181658363342285156e+01 -4.840327072143554688e+01
4.619200000000000000e+07 2.185324478149414062e+01 -4.839398574829101562e+01
4.632000000000000000e+07 2.188878059387207031e+01 -4.841448974609375000e+01
4.644800000000000000e+07 2.194643020629882812e+01 -4.843633270263671875e+01
4.657600000000000000e+07 2.198023033142089844e+01 -4.845259857177734375e+01
4.670400000000000000e+07 2.199450683593750000e+01 -4.844562530517578125e+01
4.683200000000000000e+07 2.204442596435546875e+01 -4.841444778442382812e+01
4.696000000000000000e+07 2.206908226013183594e+01 -4.842178344726562500e+01
4.708800000000000000e+07 2.213068008422851562e+01 -4.844705581665039062e+01
4.721600000000000000e+07 2.222445297241210938e+01 -4.849558639526367188e+01
4.734400000000000000e+07 2.229320907592773438e+01 -4.855590820312500000e+01
4.747200000000000000e+07 2.231991577148437500e+01 -4.861511611938476562e+01
4.760000000000000000e+07 2.231182861328125000e+01 -4.872401428222656250e+01
4.772800000000000000e+07 2.228969573974609375e+01 -4.882882690429687500e+01
4.785600000000000000e+07 2.223343849182128906e+01 -4.889594268798828125e+01
4.798400000000000000e+07 2.220558547973632812e+01 -4.894909667968750000e+01
4.811200000000000000e+07 2.219927406311035156e+01 -4.895127105712890625e+01
4.824000000000000000e+07 2.216791725158691406e+01 -4.895389556884765625e+01
4.836800000000000000e+07 2.212456512451171875e+01 -4.895001220703125000e+01
4.849600000000000000e+07 2.213088226318359375e+01 -4.899603271484375000e+01
4.862400000000000000e+07 2.215831565856933594e+01 -4.901486587524414062e+01
4.875200000000000000e+07 2.220694160461425781e+01 -4.905627441406250000e+01
4.888000000000000000e+07 2.223513031005859375e+01 -4.913248443603515625e+01
4.900800000000000000e+07 2.223070716857910156e+01 -4.923607254028320312e+01
4.913600000000000000e+07 2.218424034118652344e+01 -4.934733581542968750e+01
4.926400000000000000e+07 2.213536071777343750e+01 -4.944625091552734375e+01
4.939200000000000000e+07 2.207943344116210938e+01 -4.955752563476562500e+01
4.952000000000000000e+07 2.200742530822753906e+01 -4.961213684082031250e+01
4.964800000000000000e+07 2.192403793334960938e+01 -4.965862274169921875e+01
4.977600000000000000e+07 2.183115005493164062e+01 -4.972641372680664062e+01
4.990400000000000000e+07 2.176223945617675781e+01 -4.978036117553710938e+01
5.003200000000000000e+07 2.170494079589843750e+01 -4.984811782836914062e+01
5.016000000000000000e+07 2.162072563171386719e+01 -4.989750671386718750e+01
5.028800000000000000e+07 2.154547309875488281e+01 -4.994318389892578125e+01
5.041600000000000000e+07 2.143588829040527344e+01 -4.997429656982421875e+01
5.054400000000000000e+07 2.131551551818847656e+01 -5.003672409057617188e+01
5.067200000000000000e+07 2.124546241760253906e+01 -5.006767654418945312e+01
5.080000000000000000e+07 2.117696952819824219e+01 -5.009576034545898438e+01
5.092800000000000000e+07 2.108852767944335938e+01 -5.010662460327148438e+01
5.105600000000000000e+07 2.100230789184570312e+01 -5.015269088745117188e+01
5.118400000000000000e+07 2.087164115905761719e+01 -5.020263671875000000e+01
5.131200000000000000e+07 2.072616958618164062e+01 -5.025416564941406250e+01
5.144000000000000000e+07 2.063463401794433594e+01 -5.031395721435546875e+01
5.156800000000000000e+07 2.053532981872558594e+01 -5.029957199096679688e+01
5.169600000000000000e+07 2.041779899597167969e+01 -5.028153991699218750e+01
5.182400000000000000e+07 2.027777290344238281e+01 -5.026388931274414062e+01
5.195200000000000000e+07 2.015664672851562500e+01 -5.028415679931640625e+01
5.208000000000000000e+07 2.009494209289550781e+01 -5.030393600463867188e+01
5.220800000000000000e+07 2.002660369873046875e+01 -5.030693054199218750e+01
5.233600000000000000e+07 1.992986106872558594e+01 -5.033550643920898438e+01
5.246400000000000000e+07 1.980970954895019531e+01 -5.032330322265625000e+01
5.259200000000000000e+07 1.966022872924804688e+01 -5.033955001831054688e+01
5.272000000000000000e+07 1.950997161865234375e+01 -5.035695648193359375e+01
5.284800000000000000e+07 1.939018821716308594e+01 -5.037178802490234375e+01
5.297600000000000000e+07 1.933579063415527344e+01 -5.035883712768554688e+01
5.310400000000000000e+07 1.920097351074218750e+01 -5.032418823242187500e+01
5.323200000000000000e+07 1.905048179626464844e+01 -5.031914138793945312e+01
5.336000000000000000e+07 1.892371368408203125e+01 -5.031370925903320312e+01
5.348800000000000000e+07 1.882051086425781250e+01 -5.032083511352539062e+01
5.361600000000000000e+07 1.871483421325683594e+01 -5.030137252807617188e+01
5.374400000000000000e+07 1.861374855041503906e+01 -5.028292083740234375e+01
5.387200000000000000e+07 1.850486755371093750e+01 -5.025951004028320312e+01
5.400000000000000000e+07 1.838677597045898438e+01 -5.022883987426757812e+01
5.412800000000000000e+07 1.827835273742675781e+01 -5.026020431518554688e+01
5.425600000000000000e+07 1.816045188903808594e+01 -5.027489089965820312e+01
5.438400000000000000e+07 1.806280708312988281e+01 -5.027316284179687500e+01
5.451200000000000000e+07 1.793927192687988281e+01 -5.026332473754882812e+01
5.464000000000000000e+07 1.779449272155761719e+01 -5.024936294555664062e+01
5.476800000000000000e+07 1.764750289916992188e+01 -5.022913742065429688e+01
5.489600000000000000e+07 1.751749992370605469e+01 -5.021823120117187500e+01
5.502400000000000000e+07 1.739151954650878906e+01 -5.020408248901367188e+01
5.515200000000000000e+07 1.728375053405761719e+01 -5.019464874267578125e+01
5.528000000000000000e+07 1.715455627441406250e+01 -5.014680862426757812e+01
5.540800000000000000e+07 1.701623153686523438e+01 -5.011444091796875000e+01
5.553600000000000000e+07 1.688696670532226562e+01 -5.007906723022460938e+01
5.566400000000000000e+07 1.677254676818847656e+01 -5.006510925292968750e+01
5.579200000000000000e+07 1.666693115234375000e+01 -5.004737854003906250e+01
5.592000000000000000e+07 1.655419921875000000e+01 -5.002874374389648438e+01
5.604800000000000000e+07 1.644305801391601562e+01 -5.000851058959960938e+01
5.617600000000000000e+07 1.628402709960937500e+01 -4.999862289428710938e+01
5.630400000000000000e+07 1.614560317993164062e+01 -4.999756240844726562e+01
5.643200000000000000e+07 1.599783325195312500e+01 -4.997317504882812500e+01
5.656000000000000000e+07 1.586400699615478516e+01 -4.994831466674804688e+01
5.668800000000000000e+07 1.568141174316406250e+01 -4.990319442749023438e+01
5.681600000000000000e+07 1.553985500335693359e+01 -4.984400939941406250e+01
5.694400000000000000e+07 1.538517189025878906e+01 -4.981250000000000000e+01
5.707200000000000000e+07 1.525018119812011719e+01 -4.976539993286132812e+01
5.720000000000000000e+07 1.510433387756347656e+01 -4.973151397705078125e+01
5.732800000000000000e+07 1.495737361907958984e+01 -4.968731307983398438e+01
5.745600000000000000e+07 1.482300186157226562e+01 -4.962705230712890625e+01
5.758400000000000000e+07 1.466964721679687500e+01 -4.956740188598632812e+01
5.771200000000000000e+07 1.452249145507812500e+01 -4.953186416625976562e+01
5.784000000000000000e+07 1.440250968933105469e+01 -4.947983551025390625e+01
5.796800000000000000e+07 1.426116466522216797e+01 -4.942100143432617188e+01
5.809600000000000000e+07 1.410578536987304688e+01 -4.937094116210937500e+01
5.822400000000000000e+07 1.394769763946533203e+01 -4.930104064941406250e+01
5.835200000000000000e+07 1.379086017608642578e+01 -4.923486328125000000e+01
5.848000000000000000e+07 1.364065456390380859e+01 -4.917910385131835938e+01
5.860800000000000000e+07 1.350474548339843750e+01 -4.909931182861328125e+01
5.873600000000000000e+07 1.335488700866699219e+01 -4.900500488281250000e+01
5.886400000000000000e+07 1.322972679138183594e+01 -4.892684555053710938e+01
5.899200000000000000e+07 1.308564376831054688e+01 -4.884170913696289062e+01
5.912000000000000000e+07 1.296319389343261719e+01 -4.875900650024414062e+01
5.924800000000000000e+07 1.283921909332275391e+01 -4.868363952636718750e+01
5.937600000000000000e+07 1.270726394653320312e+01 -4.861124420166015625e+01
5.950400000000000000e+07 1.256088542938232422e+01 -4.851904678344726562e+01
5.963200000000000000e+07 1.243603324890136719e+01 -4.844104003906250000e+01
5.976000000000000000e+07 1.230123329162597656e+01 -4.835646057128906250e+01
5.988800000000000000e+07 1.215322303771972656e+01 -4.825871276855468750e+01
6.001600000000000000e+07 1.201826572418212891e+01 -4.818427658081054688e+01
6.014400000000000000e+07 1.189254093170166016e+01 -4.808414077758789062e+01
6.027200000000000000e+07 1.177488136291503906e+01 -4.796148681640625000e+01
6.040000000000000000e+07 1.165481948852539062e+01 -4.786547088623046875e+01
6.052800000000000000e+07 1.152946376800537109e+01 -4.776454162597656250e+01
6.065600000000000000e+07 1.141696262359619141e+01 -4.767602539062500000e+01
6.078400000000000000e+07 1.129797077178955078e+01 -4.757724761962890625e+01
6.091200000000000000e+07 1.118556118011474609e+01 -4.748519515991210938e+01
6.104000000000000000e+07 1.106785964965820312e+01 -4.738011169433593750e+01
6.116800000000000000e+07 1.094377803802490234e+01 -4.729487228393554688e+01
6.129600000000000000e+07 1.081435203552246094e+01 -4.719927597045898438e+01
6.142400000000000000e+07 1.072950363159179688e+01 -4.710433959960937500e+01
6.155200000000000000e+07 1.059911060333251953e+01 -4.698887634277343750e+01
6.168000000000000000e+07 1.049360942840576172e+01 -4.689163208007812500e+01
6.180800000000000000e+07 1.037102031707763672e+01 -4.679315567016601562e+01
6.193600000000000000e+07 1.027035045623779297e+01 -4.668749618530273438e+01
6.206400000000000000e+07 1.017801952362060547e+01 -4.659648895263671875e+01
6.219200000000000000e+07 1.007919311523437500e+01 -4.650497436523437500e+01
6.232000000000000000e+07 9.978761672973632812e+00 -4.641972732543945312e+01
6.244800000000000000e+07 9.872667312622070312e+00 -4.630712127685546875e+01
6.257600000000000000e+07 9.764897346496582031e+00 -4.621889114379882812e+01
6.270400000000000000e+07 9.657505989074707031e+00 -4.612081527709960938e+01
6.283200000000000000e+07 9.555714607238769531e+00 -4.601972579956054688e+01
6.296000000000000000e+07 9.449867248535156250e+00 -4.593190383911132812e+01
6.308800000000000000e+07 9.352973937988281250e+00 -4.583424377441406250e+01
6.321600000000000000e+07 9.257686614990234375e+00 -4.573660659790039062e+01
6.334400000000000000e+07 9.140958786010742188e+00 -4.564315032958984375e+01
6.347200000000000000e+07 9.049245834350585938e+00 -4.554818344116210938e+01
6.360000000000000000e+07 8.952613830566406250e+00 -4.543898391723632812e+01
6.372800000000000000e+07 8.854136466979980469e+00 -4.534206771850585938e+01
6.385600000000000000e+07 8.752857208251953125e+00 -4.523329162597656250e+01
6.398400000000000000e+07 8.649042129516601562e+00 -4.515366363525390625e+01
6.411200000000000000e+07 8.545372009277343750e+00 -4.504347610473632812e+01
6.424000000000000000e+07 8.441391944885253906e+00 -4.494363021850585938e+01
6.436800000000000000e+07 8.339735031127929688e+00 -4.483677291870117188e+01
6.449600000000000000e+07 8.246433258056640625e+00 -4.472251129150390625e+01
6.462400000000000000e+07 8.147745132446289062e+00 -4.462577056884765625e+01
6.475200000000000000e+07 8.038125038146972656e+00 -4.452472686767578125e+01
6.488000000000000000e+07 7.951018333435058594e+00 -4.442185592651367188e+01
6.500800000000000000e+07 7.847194194793701172e+00 -4.431474685668945312e+01
6.513600000000000000e+07 7.748252868652343750e+00 -4.421250915527343750e+01
6.526400000000000000e+07 7.643178939819335938e+00 -4.410685348510742188e+01
6.539200000000000000e+07 7.545517921447753906e+00 -4.400222396850585938e+01
6.552000000000000000e+07 7.443752288818359375e+00 -4.389242935180664062e+01
6.564800000000000000e+07 7.336542129516601562e+00 -4.378069686889648438e+01
6.577600000000000000e+07 7.242140769958496094e+00 -4.365725326538085938e+01
6.590400000000000000e+07 7.141771316528320312e+00 -4.355458450317382812e+01
6.603200000000000000e+07 7.047602176666259766e+00 -4.344123458862304688e+01
6.616000000000000000e+07 6.955891609191894531e+00 -4.333731842041015625e+01
6.628800000000000000e+07 6.854372978210449219e+00 -4.321674728393554688e+01
6.641600000000000000e+07 6.770531177520751953e+00 -4.309235000610351562e+01
6.654400000000000000e+07 6.665606498718261719e+00 -4.297932052612304688e+01
6.667200000000000000e+07 6.573538303375244141e+00 -4.285797882080078125e+01
6.680000000000000000e+07 6.484972476959228516e+00 -4.272946166992187500e+01
6.692800000000000000e+07 6.398890972137451172e+00 -4.260995483398437500e+01
6.705600000000000000e+07 6.312277793884277344e+00 -4.250075149536132812e+01
6.718400000000000000e+07 6.235985279083251953e+00 -4.238297271728515625e+01
6.731200000000000000e+07 6.139116764068603516e+00 -4.225530242919921875e+01
6.744000000000000000e+07 6.049245357513427734e+00 -4.213978195190429688e+01
6.756800000000000000e+07 5.965409278869628906e+00 -4.202539443969726562e+01
6.769600000000000000e+07 5.881021976470947266e+00 -4.191046142578125000e+01
6.782400000000000000e+07 5.787737846374511719e+00 -4.178224182128906250e+01
6.795200000000000000e+07 5.704115867614746094e+00 -4.167325210571289062e+01
6.808000000000000000e+07 5.622773170471191406e+00 -4.153808593750000000e+01
6.820800000000000000e+07 5.540217399597167969e+00 -4.141137313842773438e+01
6.833600000000000000e+07 5.451052665710449219e+00 -4.128571701049804688e+01
6.846400000000000000e+07 5.379906177520751953e+00 -4.116872787475585938e+01
6.859200000000000000e+07 5.306773185729980469e+00 -4.103712844848632812e+01
6.872000000000000000e+07 5.230565071105957031e+00 -4.091716384887695312e+01
6.884800000000000000e+07 5.163206100463867188e+00 -4.079850769042968750e+01
6.897600000000000000e+07 5.081403255462646484e+00 -4.067031860351562500e+01
6.910400000000000000e+07 5.009082794189453125e+00 -4.054316711425781250e+01
6.923200000000000000e+07 4.935868740081787109e+00 -4.041429138183593750e+01
6.936000000000000000e+07 4.864015579223632812e+00 -4.028849792480468750e+01
6.948800000000000000e+07 4.796535491943359375e+00 -4.016986465454101562e+01
6.961600000000000000e+07 4.735986232757568359e+00 -4.004285049438476562e+01
6.974400000000000000e+07 4.656476020812988281e+00 -3.991273117065429688e+01
6.987200000000000000e+07 4.579846382141113281e+00 -3.977478790283203125e+01
7.000000000000000000e+07 4.518600940704345703e+00 -3.965520858764648438e+01
