6.000000000000000000e+06 2.960259056091308594e+01 -3.192734985351562500e+02
6.320000000000000000e+06 2.706731224060058594e+01 -3.026681213378906250e+02
6.640000000000000000e+06 2.511702728271484375e+01 -2.870934753417968750e+02
6.960000000000000000e+06 2.362349891662597656e+01 -2.730745849609375000e+02
7.280000000000000000e+06 2.232649040222167969e+01 -2.601254272460937500e+02
7.600000000000000000e+06 2.130140686035156250e+01 -2.484258117675781250e+02
7.920000000000000000e+06 2.010867500305175781e+01 -2.377609710693359375e+02
8.240000000000000000e+06 1.898702621459960938e+01 -2.270647277832031250e+02
8.560000000000000000e+06 1.905670166015625000e+01 -2.163966064453125000e+02
8.880000000000000000e+06 2.053184700012207031e+01 -2.093413391113281250e+02
9.200000000000000000e+06 1.883456039428710938e+01 -2.018434600830078125e+02
9.520000000000000000e+06 1.799864768981933594e+01 -1.936989746093750000e+02
9.840000000000000000e+06 1.781707000732421875e+01 -1.859429321289062500e+02
1.016000000000000000e+07 1.803948974609375000e+01 -1.785537414550781250e+02
1.048000000000000000e+07 1.823645782470703125e+01 -1.716268615722656250e+02
1.080000000000000000e+07 1.884054756164550781e+01 -1.647818145751953125e+02
1.112000000000000000e+07 1.989961242675781250e+01 -1.581267700195312500e+02
1.144000000000000000e+07 2.186480903625488281e+01 -1.517702026367187500e+02
1.176000000000000000e+07 2.466509246826171875e+01 -1.460320587158203125e+02
1.208000000000000000e+07 2.872473335266113281e+01 -1.419380798339843750e+02
1.240000000000000000e+07 3.153754043579101562e+01 -1.402827606201171875e+02
1.272000000000000000e+07 3.344754028320312500e+01 -1.380040588378906250e+02
1.304000000000000000e+07 3.607566070556640625e+01 -1.368860168457031250e+02
1.336000000000000000e+07 3.794733047485351562e+01 -1.376701507568359375e+02
1.368000000000000000e+07 3.694380187988281250e+01 -1.394398651123046875e+02
1.400000000000000000e+07 3.389312362670898438e+01 -1.392595672607421875e+02
1.432000000000000000e+07 3.087662887573242188e+01 -1.373354492187500000e+02
1.464000000000000000e+07 2.827558898925781250e+01 -1.339763336181640625e+02
1.496000000000000000e+07 2.719687461853027344e+01 -1.298073883056640625e+02
1.528000000000000000e+07 2.758939170837402344e+01 -1.259171142578125000e+02
1.560000000000000000e+07 2.908412170410156250e+01 -1.230130615234375000e+02
1.592000000000000000e+07 3.095783042907714844e+01 -1.216762924194335938e+02
1.624000000000000000e+07 3.229166793823242188e+01 -1.221692962646484375e+02
1.656000000000000000e+07 3.154635620117187500e+01 -1.235043563842773438e+02
1.688000000000000000e+07 2.889529228210449219e+01 -1.242039337158203125e+02
1.720000000000000000e+07 2.547900962829589844e+01 -1.230622711181640625e+02
1.752000000000000000e+07 2.259310531616210938e+01 -1.204593505859375000e+02
1.784000000000000000e+07 2.085025978088378906e+01 -1.173196258544921875e+02
1.816000000000000000e+07 1.993119430541992188e+01 -1.142843170166015625e+02
1.848000000000000000e+07 1.959885215759277344e+01 -1.117710037231445312e+02
1.880000000000000000e+07 1.920849990844726562e+01 -1.097604904174804688e+02
1.912000000000000000e+07 1.865884971618652344e+01 -1.079118499755859375e+02
1.944000000000000000e+07 1.797218704223632812e+01 -1.060149230957031250e+02
1.976000000000000000e+07 1.725341796875000000e+01 -1.040892639160156250e+02
2.008000000000000000e+07 1.659874343872070312e+01 -1.019364166259765625e+02
2.040000000000000000e+07 1.622049140930175781e+01 -9.967034912109375000e+01
2.072000000000000000e+07 1.604297065734863281e+01 -9.760284423828125000e+01
2.104000000000000000e+07 1.582449245452880859e+01 -9.563275146484375000e+01
2.136000000000000000e+07 1.574598503112792969e+01 -9.358182525634765625e+01
2.168000000000000000e+07 1.587325286865234375e+01 -9.155453491210937500e+01
2.200000000000000000e+07 1.629146766662597656e+01 -8.965923309326171875e+01
2.232000000000000000e+07 1.685617065429687500e+01 -8.804989624023437500e+01
2.264000000000000000e+07 1.739426231384277344e+01 -8.677883911132812500e+01
2.296000000000000000e+07 1.784121322631835938e+01 -8.565320587158203125e+01
2.328000000000000000e+07 1.831134605407714844e+01 -8.473905944824218750e+01
2.360000000000000000e+07 1.862937927246093750e+01 -8.406346130371093750e+01
2.392000000000000000e+07 1.869563674926757812e+01 -8.348731994628906250e+01
2.424000000000000000e+07 1.852745819091796875e+01 -8.283312225341796875e+01
2.456000000000000000e+07 1.831609153747558594e+01 -8.202739715576171875e+01
2.488000000000000000e+07 1.810825729370117188e+01 -8.115389251708984375e+01
2.520000000000000000e+07 1.804619407653808594e+01 -8.030120086669921875e+01
2.552000000000000000e+07 1.795869255065917969e+01 -7.953185272216796875e+01
2.584000000000000000e+07 1.781226921081542969e+01 -7.884459686279296875e+01
2.616000000000000000e+07 1.761543655395507812e+01 -7.818269348144531250e+01
2.648000000000000000e+07 1.732913780212402344e+01 -7.754103088378906250e+01
2.680000000000000000e+07 1.699393653869628906e+01 -7.684554290771484375e+01
2.712000000000000000e+07 1.658864212036132812e+01 -7.612633514404296875e+01
2.744000000000000000e+07 1.617898750305175781e+01 -7.535310363769531250e+01
2.776000000000000000e+07 1.569903087615966797e+01 -7.450566864013671875e+01
2.808000000000000000e+07 1.527545070648193359e+01 -7.356989288330078125e+01
2.840000000000000000e+07 1.491378402709960938e+01 -7.258258819580078125e+01
2.872000000000000000e+07 1.459989833831787109e+01 -7.154367065429687500e+01
2.904000000000000000e+07 1.431486225128173828e+01 -7.051403045654296875e+01
2.936000000000000000e+07 1.410396766662597656e+01 -6.942449188232421875e+01
2.968000000000000000e+07 1.392979431152343750e+01 -6.834134674072265625e+01
3.000000000000000000e+07 1.389243602752685547e+01 -6.725928497314453125e+01
3.032000000000000000e+07 1.393564796447753906e+01 -6.618187713623046875e+01
3.064000000000000000e+07 1.400397396087646484e+01 -6.521766662597656250e+01
3.096000000000000000e+07 1.408895111083984375e+01 -6.428829193115234375e+01
3.128000000000000000e+07 1.419016265869140625e+01 -6.341472625732421875e+01
3.160000000000000000e+07 1.428550529479980469e+01 -6.254385375976562500e+01
3.192000000000000000e+07 1.442100715637207031e+01 -6.169204711914062500e+01
3.224000000000000000e+07 1.462372589111328125e+01 -6.085820388793945312e+01
3.256000000000000000e+07 1.486143589019775391e+01 -6.010961532592773438e+01
3.288000000000000000e+07 1.509463500976562500e+01 -5.940360260009765625e+01
3.320000000000000000e+07 1.532858180999755859e+01 -5.875736618041992188e+01
3.352000000000000000e+07 1.552863407135009766e+01 -5.816482925415039062e+01
3.384000000000000000e+07 1.574393749237060547e+01 -5.756716537475585938e+01
3.416000000000000000e+07 1.600501060485839844e+01 -5.699876785278320312e+01
3.448000000000000000e+07 1.623720550537109375e+01 -5.652148056030273438e+01
3.480000000000000000e+07 1.644455337524414062e+01 -5.605155563354492188e+01
3.512000000000000000e+07 1.660689926147460938e+01 -5.562263488769531250e+01
3.544000000000000000e+07 1.676442527770996094e+01 -5.523445129394531250e+01
3.576000000000000000e+07 1.689480781555175781e+01 -5.484777450561523438e+01
3.608000000000000000e+07 1.702382087707519531e+01 -5.447482681274414062e+01
3.640000000000000000e+07 1.714812278747558594e+01 -5.410982513427734375e+01
3.672000000000000000e+07 1.720945167541503906e+01 -5.380222702026367188e+01
3.704000000000000000e+07 1.723280143737792969e+01 -5.349047851562500000e+01
3.736000000000000000e+07 1.721977043151855469e+01 -5.313214492797851562e+01
3.768000000000000000e+07 1.719607353210449219e+01 -5.278057861328125000e+01
3.800000000000000000e+07 1.715299797058105469e+01 -5.239633560180664062e+01
3.832000000000000000e+07 1.711828422546386719e+01 -5.194517135620117188e+01
3.864000000000000000e+07 1.711214828491210938e+01 -5.148572158813476562e+01
3.896000000000000000e+07 1.709418678283691406e+01 -5.100923919677734375e+01
3.928000000000000000e+07 1.711433219909667969e+01 -5.047957992553710938e+01
3.960000000000000000e+07 1.720256233215332031e+01 -4.994826889038085938e+01
3.992000000000000000e+07 1.734079742431640625e+01 -4.943445968627929688e+01
4.024000000000000000e+07 1.752720069885253906e+01 -4.891848373413085938e+01
4.056000000000000000e+07 1.777394676208496094e+01 -4.842831039428710938e+01
4.088000000000000000e+07 1.804440498352050781e+01 -4.799352645874023438e+01
4.120000000000000000e+07 1.834139823913574219e+01 -4.763911437988281250e+01
4.152000000000000000e+07 1.865269660949707031e+01 -4.733269500732421875e+01
4.184000000000000000e+07 1.894650650024414062e+01 -4.706345367431640625e+01
4.216000000000000000e+07 1.925979042053222656e+01 -4.683345031738281250e+01
4.248000000000000000e+07 1.955336761474609375e+01 -4.662900924682617188e+01
4.280000000000000000e+07 1.983003044128417969e+01 -4.646666717529296875e+01
4.312000000000000000e+07 2.007715797424316406e+01 -4.637454986572265625e+01
4.344000000000000000e+07 2.029359817504882812e+01 -4.630163574218750000e+01
4.376000000000000000e+07 2.050008392333984375e+01 -4.623453903198242188e+01
4.408000000000000000e+07 2.067627716064453125e+01 -4.614940643310546875e+01
4.440000000000000000e+07 2.084387588500976562e+01 -4.606967163085937500e+01
4.472000000000000000e+07 2.100259208679199219e+01 -4.598035049438476562e+01
4.504000000000000000e+07 2.115817070007324219e+01 -4.595612335205078125e+01
4.536000000000000000e+07 2.131262969970703125e+01 -4.595205307006835938e+01
4.568000000000000000e+07 2.145456314086914062e+01 -4.596388626098632812e+01
4.600000000000000000e+07 2.156973457336425781e+01 -4.598849487304687500e+01
4.632000000000000000e+07 2.169726562500000000e+01 -4.595137786865234375e+01
4.664000000000000000e+07 2.183040618896484375e+01 -4.596790313720703125e+01
4.696000000000000000e+07 2.195480537414550781e+01 -4.604965591430664062e+01
4.728000000000000000e+07 2.204627037048339844e+01 -4.615051651000976562e+01
4.760000000000000000e+07 2.212140464782714844e+01 -4.627674865722656250e+01
4.792000000000000000e+07 2.214962959289550781e+01 -4.643154525756835938e+01
4.824000000000000000e+07 2.215003204345703125e+01 -4.649671554565429688e+01
4.856000000000000000e+07 2.215235710144042969e+01 -4.660429382324218750e+01
4.888000000000000000e+07 2.214667510986328125e+01 -4.674361038208007812e+01
4.920000000000000000e+07 2.209108924865722656e+01 -4.693167877197265625e+01
4.952000000000000000e+07 2.199547004699707031e+01 -4.716308593750000000e+01
4.984000000000000000e+07 2.184650802612304688e+01 -4.735845947265625000e+01
5.016000000000000000e+07 2.168139648437500000e+01 -4.750735473632812500e+01
5.048000000000000000e+07 2.145214843750000000e+01 -4.756985092163085938e+01
5.080000000000000000e+07 2.124183464050292969e+01 -4.765851974487304688e+01
5.112000000000000000e+07 2.102652359008789062e+01 -4.774684524536132812e+01
5.144000000000000000e+07 2.081249427795410156e+01 -4.786740875244140625e+01
5.176000000000000000e+07 2.056496810913085938e+01 -4.797838211059570312e+01
5.208000000000000000e+07 2.033348464965820312e+01 -4.803800582885742188e+01
5.240000000000000000e+07 2.006196403503417969e+01 -4.800027847290039062e+01
5.272000000000000000e+07 1.980618476867675781e+01 -4.800394439697265625e+01
5.304000000000000000e+07 1.953205108642578125e+01 -4.802634048461914062e+01
5.336000000000000000e+07 1.926930046081542969e+01 -4.806393814086914062e+01
5.368000000000000000e+07 1.902626609802246094e+01 -4.812669372558593750e+01
5.400000000000000000e+07 1.877697372436523438e+01 -4.819002151489257812e+01
5.432000000000000000e+07 1.850549316406250000e+01 -4.801178741455078125e+01
5.464000000000000000e+07 1.825733184814453125e+01 -4.792242050170898438e+01
5.496000000000000000e+07 1.798843765258789062e+01 -4.791175460815429688e+01
5.528000000000000000e+07 1.770661544799804688e+01 -4.793280410766601562e+01
5.560000000000000000e+07 1.740601921081542969e+01 -4.796996688842773438e+01
5.592000000000000000e+07 1.711825942993164062e+01 -4.804566192626953125e+01
5.624000000000000000e+07 1.683206939697265625e+01 -4.779468536376953125e+01
5.656000000000000000e+07 1.653709030151367188e+01 -4.759362030029296875e+01
5.688000000000000000e+07 1.621098709106445312e+01 -4.752182769775390625e+01
5.720000000000000000e+07 1.584903812408447266e+01 -4.752123641967773438e+01
5.752000000000000000e+07 1.550881767272949219e+01 -4.756272125244140625e+01
5.784000000000000000e+07 1.515789413452148438e+01 -4.758883666992187500e+01
5.816000000000000000e+07 1.491491985321044922e+01 -4.718411636352539062e+01
5.848000000000000000e+07 1.470783329010009766e+01 -4.664096450805664062e+01
5.880000000000000000e+07 1.438746547698974609e+01 -4.639352798461914062e+01
5.912000000000000000e+07 1.405142498016357422e+01 -4.637013626098632812e+01
5.944000000000000000e+07 1.366943168640136719e+01 -4.642243576049804688e+01
5.976000000000000000e+07 1.332758522033691406e+01 -4.650424575805664062e+01
6.008000000000000000e+07 1.334035205841064453e+01 -4.600601577758789062e+01
6.040000000000000000e+07 1.415649604797363281e+01 -4.461037063598632812e+01
6.072000000000000000e+07 1.422534179687500000e+01 -4.413506317138671875e+01
6.104000000000000000e+07 1.369449710845947266e+01 -4.414395141601562500e+01
6.136000000000000000e+07 1.284737968444824219e+01 -4.446329116821289062e+01
6.168000000000000000e+07 1.208553981781005859e+01 -4.492061233520507812e+01
6.200000000000000000e+07 1.150661277770996094e+01 -4.534366989135742188e+01
6.232000000000000000e+07 1.381427955627441406e+01 -4.844551086425781250e+01
6.264000000000000000e+07 1.367977619171142578e+01 -4.843856430053710938e+01
6.296000000000000000e+07 1.323083496093750000e+01 -4.779140853881835938e+01
6.328000000000000000e+07 1.267022991180419922e+01 -4.683978271484375000e+01
6.360000000000000000e+07 1.187092494964599609e+01 -4.566364669799804688e+01
6.392000000000000000e+07 1.055910491943359375e+01 -4.441843795776367188e+01
6.424000000000000000e+07 8.083888053894042969e+00 -4.747915649414062500e+01
6.456000000000000000e+07 9.461410522460937500e+00 -4.727892684936523438e+01
6.488000000000000000e+07 9.592961311340332031e+00 -4.628249740600585938e+01
6.520000000000000000e+07 9.400432586669921875e+00 -4.530418014526367188e+01
6.552000000000000000e+07 9.129925727844238281e+00 -4.434682846069335938e+01
6.584000000000000000e+07 8.779689788818359375e+00 -4.339152526855468750e+01
6.616000000000000000e+07 8.291920661926269531e+00 -4.235500717163085938e+01
6.648000000000000000e+07 7.429654598236083984e+00 -4.104192733764648438e+01
6.680000000000000000e+07 5.717718601226806641e+00 -3.951117706298828125e+01
6.712000000000000000e+07 8.245943188667297363e-01 -4.033951187133789062e+01
6.744000000000000000e+07 4.896088600158691406e+00 -4.570254135131835938e+01
6.776000000000000000e+07 7.133926391601562500e+00 -4.292117309570312500e+01
6.808000000000000000e+07 7.137180805206298828e+00 -4.130803298950195312e+01
6.840000000000000000e+07 6.756005764007568359e+00 -4.071265029907226562e+01
6.872000000000000000e+07 6.352264881134033203e+00 -4.023257064819335938e+01
6.904000000000000000e+07 6.018714904785156250e+00 -3.984927749633789062e+01
6.936000000000000000e+07 5.747488498687744141e+00 -3.967001724243164062e+01
6.968000000000000000e+07 5.698957443237304688e+00 -3.966366195678710938e+01
7.000000000000000000e+07 5.993146896362304688e+00 -3.981926727294921875e+01
