6.000000000000000000e+06 1.065822720527648926e+00 -1.926115417480468750e+01
6.320000000000000000e+06 1.054083466529846191e+00 -1.774929809570312500e+01
6.640000000000000000e+06 1.036746263504028320e+00 -1.636275863647460938e+01
6.960000000000000000e+06 1.033347487449645996e+00 -1.507149696350097656e+01
7.280000000000000000e+06 1.030392646789550781e+00 -1.386571693420410156e+01
7.600000000000000000e+06 1.030526399612426758e+00 -1.273446083068847656e+01
7.920000000000000000e+06 1.024204373359680176e+00 -1.167795276641845703e+01
8.240000000000000000e+06 1.022946238517761230e+00 -1.066094589233398438e+01
8.560000000000000000e+06 1.028869152069091797e+00 -9.689416885375976562e+00
8.880000000000000000e+06 1.049247026443481445e+00 -8.795125007629394531e+00
9.200000000000000000e+06 1.043071031570434570e+00 -7.926289081573486328e+00
9.520000000000000000e+06 1.054390311241149902e+00 -7.079273700714111328e+00
9.840000000000000000e+06 1.060976266860961914e+00 -6.262004375457763672e+00
1.016000000000000000e+07 1.075806856155395508e+00 -5.471849918365478516e+00
1.048000000000000000e+07 1.099825143814086914e+00 -4.709008216857910156e+00
1.080000000000000000e+07 1.121712207794189453e+00 -3.962049245834350586e+00
1.112000000000000000e+07 1.154687881469726562e+00 -3.238466739654541016e+00
1.144000000000000000e+07 1.194651722908020020e+00 -2.532743453979492188e+00
1.176000000000000000e+07 1.260367870330810547e+00 -1.855027437210083008e+00
1.208000000000000000e+07 1.327512145042419434e+00 -1.204083800315856934e+00
1.240000000000000000e+07 1.372840762138366699e+00 -6.043030023574829102e-01
1.272000000000000000e+07 1.417927622795104980e+00 1.432601828128099442e-02
1.304000000000000000e+07 1.456379294395446777e+00 5.950577855110168457e-01
1.336000000000000000e+07 1.469511151313781738e+00 1.163069844245910645e+00
1.368000000000000000e+07 1.460207700729370117e+00 1.722129344940185547e+00
1.400000000000000000e+07 1.448044061660766602e+00 2.321859598159790039e+00
1.432000000000000000e+07 1.436235308647155762e+00 2.939007043838500977e+00
1.464000000000000000e+07 1.435189604759216309e+00 3.558241367340087891e+00
1.496000000000000000e+07 1.464837074279785156e+00 4.179328441619873047e+00
1.528000000000000000e+07 1.505381584167480469e+00 4.802348613739013672e+00
1.560000000000000000e+07 1.574470877647399902e+00 5.395541667938232422e+00
1.592000000000000000e+07 1.632991671562194824e+00 5.953581333160400391e+00
1.624000000000000000e+07 1.660360217094421387e+00 6.503915309906005859e+00
1.656000000000000000e+07 1.672042250633239746e+00 7.069967746734619141e+00
1.688000000000000000e+07 1.655247926712036133e+00 7.654420375823974609e+00
1.720000000000000000e+07 1.646521091461181641e+00 8.276268005371093750e+00
1.752000000000000000e+07 1.654058694839477539e+00 8.924098968505859375e+00
1.784000000000000000e+07 1.679068803787231445e+00 9.583403587341308594e+00
1.816000000000000000e+07 1.724693059921264648e+00 1.023782348632812500e+01
1.848000000000000000e+07 1.785300374031066895e+00 1.090065956115722656e+01
1.880000000000000000e+07 1.832687735557556152e+00 1.155810356140136719e+01
1.912000000000000000e+07 1.884822845458984375e+00 1.223876476287841797e+01
1.944000000000000000e+07 1.938381314277648926e+00 1.292634201049804688e+01
1.976000000000000000e+07 2.001400947570800781e+00 1.364054393768310547e+01
2.008000000000000000e+07 2.079941749572753906e+00 1.437009429931640625e+01
2.040000000000000000e+07 2.156373023986816406e+00 1.513359260559082031e+01
2.072000000000000000e+07 2.263142347335815430e+00 1.590208530426025391e+01
2.104000000000000000e+07 2.369325399398803711e+00 1.669944572448730469e+01
2.136000000000000000e+07 2.492593765258789062e+00 1.751309776306152344e+01
2.168000000000000000e+07 2.641794919967651367e+00 1.835758781433105469e+01
2.200000000000000000e+07 2.814812898635864258e+00 1.921104240417480469e+01
2.232000000000000000e+07 3.019383430480957031e+00 2.008682632446289062e+01
2.264000000000000000e+07 3.216469049453735352e+00 2.097366714477539062e+01
2.296000000000000000e+07 3.445719003677368164e+00 2.188642883300781250e+01
2.328000000000000000e+07 3.689817905426025391e+00 2.282359313964843750e+01
2.360000000000000000e+07 3.918311834335327148e+00 2.378959465026855469e+01
2.392000000000000000e+07 4.176990032196044922e+00 2.480280876159667969e+01
2.424000000000000000e+07 4.455423831939697266e+00 2.588978576660156250e+01
2.456000000000000000e+07 4.758938312530517578e+00 2.704564094543457031e+01
2.488000000000000000e+07 5.126342773437500000e+00 2.825707817077636719e+01
2.520000000000000000e+07 5.554183959960937500e+00 2.951625061035156250e+01
2.552000000000000000e+07 6.028098106384277344e+00 3.083420753479003906e+01
2.584000000000000000e+07 6.548511981964111328e+00 3.224100112915039062e+01
2.616000000000000000e+07 7.145064353942871094e+00 3.372750473022460938e+01
2.648000000000000000e+07 7.828992843627929688e+00 3.531770706176757812e+01
2.680000000000000000e+07 8.624881744384765625e+00 3.702616882324218750e+01
2.712000000000000000e+07 9.555357933044433594e+00 3.887074661254882812e+01
2.744000000000000000e+07 1.066512203216552734e+01 4.086287307739257812e+01
2.776000000000000000e+07 1.201762866973876953e+01 4.302146148681640625e+01
2.808000000000000000e+07 1.368247032165527344e+01 4.532576751708984375e+01
2.840000000000000000e+07 1.574438190460205078e+01 4.777260208129882812e+01
2.872000000000000000e+07 1.830152702331542969e+01 5.032977294921875000e+01
2.904000000000000000e+07 2.149893188476562500e+01 5.291539764404296875e+01
2.936000000000000000e+07 2.549907875061035156e+01 5.541033554077148438e+01
2.968000000000000000e+07 3.047016334533691406e+01 5.756180953979492188e+01
3.000000000000000000e+07 3.642587661743164062e+01 5.890951156616210938e+01
3.032000000000000000e+07 4.329035949707031250e+01 5.904992294311523438e+01
3.064000000000000000e+07 5.069586563110351562e+01 5.755991744995117188e+01
3.096000000000000000e+07 5.810044097900390625e+01 5.405161666870117188e+01
3.128000000000000000e+07 6.463880920410156250e+01 4.836758422851562500e+01
3.160000000000000000e+07 6.938158416748046875e+01 4.085284805297851562e+01
3.192000000000000000e+07 7.155844116210937500e+01 3.240096282958984375e+01
3.224000000000000000e+07 7.111723327636718750e+01 2.438909530639648438e+01
3.256000000000000000e+07 6.884425354003906250e+01 1.759801864624023438e+01
3.288000000000000000e+07 6.549153137207031250e+01 1.236943817138671875e+01
3.320000000000000000e+07 6.168461608886718750e+01 8.560736656188964844e+00
3.352000000000000000e+07 5.783475494384765625e+01 6.002686500549316406e+00
3.384000000000000000e+07 5.413439559936523438e+01 4.473870754241943359e+00
3.416000000000000000e+07 5.087335586547851562e+01 3.766808986663818359e+00
3.448000000000000000e+07 4.807852172851562500e+01 3.567684888839721680e+00
3.480000000000000000e+07 4.564361190795898438e+01 3.663244962692260742e+00
3.512000000000000000e+07 4.353311538696289062e+01 4.046664237976074219e+00
3.544000000000000000e+07 4.172821044921875000e+01 4.607959270477294922e+00
3.576000000000000000e+07 4.018352127075195312e+01 5.357697486877441406e+00
3.608000000000000000e+07 3.893272399902343750e+01 6.199597835540771484e+00
3.640000000000000000e+07 3.791469955444335938e+01 7.098236560821533203e+00
3.672000000000000000e+07 3.704491043090820312e+01 8.027147293090820312e+00
3.704000000000000000e+07 3.631792831420898438e+01 9.028002738952636719e+00
3.736000000000000000e+07 3.576270675659179688e+01 1.012544918060302734e+01
3.768000000000000000e+07 3.537731552124023438e+01 1.129290580749511719e+01
3.800000000000000000e+07 3.518046188354492188e+01 1.253807926177978516e+01
3.832000000000000000e+07 3.523003768920898438e+01 1.382873439788818359e+01
3.864000000000000000e+07 3.548929977416992188e+01 1.515122222900390625e+01
3.896000000000000000e+07 3.597859191894531250e+01 1.649719810485839844e+01
3.928000000000000000e+07 3.676208114624023438e+01 1.782700538635253906e+01
3.960000000000000000e+07 3.786891555786132812e+01 1.904676818847656250e+01
3.992000000000000000e+07 3.924931335449218750e+01 2.010172462463378906e+01
4.024000000000000000e+07 4.087827682495117188e+01 2.092203712463378906e+01
4.056000000000000000e+07 4.271976470947265625e+01 2.144845962524414062e+01
4.088000000000000000e+07 4.467581176757812500e+01 2.162931060791015625e+01
4.120000000000000000e+07 4.666133499145507812e+01 2.150817680358886719e+01
4.152000000000000000e+07 4.863463973999023438e+01 2.102375984191894531e+01
4.184000000000000000e+07 5.052463912963867188e+01 2.020554924011230469e+01
4.216000000000000000e+07 5.228216171264648438e+01 1.911101531982421875e+01
4.248000000000000000e+07 5.381427001953125000e+01 1.776760482788085938e+01
4.280000000000000000e+07 5.514329147338867188e+01 1.623435592651367188e+01
4.312000000000000000e+07 5.617624282836914062e+01 1.457769680023193359e+01
4.344000000000000000e+07 5.699396133422851562e+01 1.285984611511230469e+01
4.376000000000000000e+07 5.760308456420898438e+01 1.106581115722656250e+01
4.408000000000000000e+07 5.796372604370117188e+01 9.235289573669433594e+00
4.440000000000000000e+07 5.808402633666992188e+01 7.389671802520751953e+00
4.472000000000000000e+07 5.797094345092773438e+01 5.594183921813964844e+00
4.504000000000000000e+07 5.759443283081054688e+01 3.898125886917114258e+00
4.536000000000000000e+07 5.702301406860351562e+01 2.339095115661621094e+00
4.568000000000000000e+07 5.631937789916992188e+01 9.523555040359497070e-01
4.600000000000000000e+07 5.548414993286132812e+01 -2.806094288825988770e-01
4.632000000000000000e+07 5.452363967895507812e+01 -1.380710840225219727e+00
4.664000000000000000e+07 5.350187301635742188e+01 -2.241120576858520508e+00
4.696000000000000000e+07 5.248359680175781250e+01 -2.889354228973388672e+00
4.728000000000000000e+07 5.146366500854492188e+01 -3.377996206283569336e+00
4.760000000000000000e+07 5.051714324951171875e+01 -3.740026712417602539e+00
4.792000000000000000e+07 4.962080001831054688e+01 -3.978385925292968750e+00
4.824000000000000000e+07 4.871299362182617188e+01 -4.145210742950439453e+00
4.856000000000000000e+07 4.786889266967773438e+01 -4.179790973663330078e+00
4.888000000000000000e+07 4.711616134643554688e+01 -4.120231628417968750e+00
4.920000000000000000e+07 4.646449661254882812e+01 -4.007773399353027344e+00
4.952000000000000000e+07 4.586540222167968750e+01 -3.873501300811767578e+00
4.984000000000000000e+07 4.530600738525390625e+01 -3.717629909515380859e+00
5.016000000000000000e+07 4.475996398925781250e+01 -3.531991720199584961e+00
5.048000000000000000e+07 4.420350265502929688e+01 -3.300910949707031250e+00
5.080000000000000000e+07 4.366626739501953125e+01 -2.996217966079711914e+00
5.112000000000000000e+07 4.315940093994140625e+01 -2.607909202575683594e+00
5.144000000000000000e+07 4.270598220825195312e+01 -2.165676355361938477e+00
5.176000000000000000e+07 4.230641174316406250e+01 -1.631203770637512207e+00
5.208000000000000000e+07 4.196234512329101562e+01 -1.038320302963256836e+00
5.240000000000000000e+07 4.168518066406250000e+01 -3.665249645709991455e-01
5.272000000000000000e+07 4.148090744018554688e+01 3.803673088550567627e-01
5.304000000000000000e+07 4.136843490600585938e+01 1.221272706985473633e+00
5.336000000000000000e+07 4.137245941162109375e+01 2.105101823806762695e+00
5.368000000000000000e+07 4.151718902587890625e+01 3.063210010528564453e+00
5.400000000000000000e+07 4.178226089477539062e+01 4.040894508361816406e+00
5.432000000000000000e+07 4.221870040893554688e+01 5.069012641906738281e+00
5.464000000000000000e+07 4.279966354370117188e+01 6.110069751739501953e+00
5.496000000000000000e+07 4.355463790893554688e+01 7.163217067718505859e+00
5.528000000000000000e+07 4.447346115112304688e+01 8.206729888916015625e+00
5.560000000000000000e+07 4.561057662963867188e+01 9.208677291870117188e+00
5.592000000000000000e+07 4.695993423461914062e+01 1.014994812011718750e+01
5.624000000000000000e+07 4.862136459350585938e+01 1.096525192260742188e+01
5.656000000000000000e+07 5.053115081787109375e+01 1.164865589141845703e+01
5.688000000000000000e+07 5.266209030151367188e+01 1.213745117187500000e+01
5.720000000000000000e+07 5.505466079711914062e+01 1.238343048095703125e+01
5.752000000000000000e+07 5.770222854614257812e+01 1.226522064208984375e+01
5.784000000000000000e+07 6.059325790405273438e+01 1.170985317230224609e+01
5.816000000000000000e+07 6.357186889648437500e+01 1.029793643951416016e+01
5.848000000000000000e+07 6.654097747802734375e+01 8.088833808898925781e+00
5.880000000000000000e+07 6.913432312011718750e+01 5.266152858734130859e+00
5.912000000000000000e+07 7.118647003173828125e+01 1.847030520439147949e+00
5.944000000000000000e+07 7.249668884277343750e+01 -2.103522300720214844e+00
5.976000000000000000e+07 7.275505065917968750e+01 -6.334832668304443359e+00
6.008000000000000000e+07 7.141657257080078125e+01 -1.058196353912353516e+01
6.040000000000000000e+07 6.820886230468750000e+01 -1.413091278076171875e+01
6.072000000000000000e+07 6.513435363769531250e+01 -1.670147514343261719e+01
6.104000000000000000e+07 6.220554351806640625e+01 -1.856132507324218750e+01
6.136000000000000000e+07 5.927796173095703125e+01 -1.971339797973632812e+01
6.168000000000000000e+07 5.645016098022460938e+01 -2.003380584716796875e+01
6.200000000000000000e+07 5.385250473022460938e+01 -1.956072998046875000e+01
6.232000000000000000e+07 5.288908004760742188e+01 -1.749376678466796875e+01
6.264000000000000000e+07 5.075339126586914062e+01 -1.608162689208984375e+01
6.296000000000000000e+07 4.882366561889648438e+01 -1.432158088684082031e+01
6.328000000000000000e+07 4.728285980224609375e+01 -1.227335643768310547e+01
6.360000000000000000e+07 4.624422836303710938e+01 -1.005633640289306641e+01
6.392000000000000000e+07 4.566549301147460938e+01 -7.784776687622070312e+00
6.424000000000000000e+07 4.601224899291992188e+01 -5.681638240814208984e+00
6.456000000000000000e+07 4.651877975463867188e+01 -2.955765008926391602e+00
6.488000000000000000e+07 4.732519912719726562e+01 -3.441047966480255127e-01
6.520000000000000000e+07 4.864762115478515625e+01 2.151820659637451172e+00
6.552000000000000000e+07 5.043233489990234375e+01 4.592911720275878906e+00
6.584000000000000000e+07 5.280587768554687500e+01 6.847458362579345703e+00
6.616000000000000000e+07 5.579111862182617188e+01 8.894169807434082031e+00
6.648000000000000000e+07 5.962472915649414062e+01 1.065627098083496094e+01
6.680000000000000000e+07 6.483039093017578125e+01 1.206054019927978516e+01
6.712000000000000000e+07 7.266434478759765625e+01 1.648768997192382812e+01
6.744000000000000000e+07 7.188096618652343750e+01 1.943455123901367188e+01
6.776000000000000000e+07 7.706240844726562500e+01 1.702551841735839844e+01
6.808000000000000000e+07 8.365505981445312500e+01 1.520175170898437500e+01
6.840000000000000000e+07 9.088597106933593750e+01 1.352768421173095703e+01
6.872000000000000000e+07 9.850682830810546875e+01 1.048227024078369141e+01
6.904000000000000000e+07 1.061692428588867188e+02 6.000914573669433594e+00
6.936000000000000000e+07 1.137179031372070312e+02 2.131689488887786865e-01
6.968000000000000000e+07 1.201103439331054688e+02 -6.651889324188232422e+00
7.000000000000000000e+07 1.247139282226562500e+02 -1.392481040954589844e+01
