6.000000000000000000e+06 1.790122032165527344e+01 -2.777889099121093750e+02
6.320000000000000000e+06 1.653350067138671875e+01 -2.630672607421875000e+02
6.640000000000000000e+06 1.563270759582519531e+01 -2.497284851074218750e+02
6.960000000000000000e+06 1.475108337402343750e+01 -2.375319976806640625e+02
7.280000000000000000e+06 1.414979171752929688e+01 -2.262707061767578125e+02
7.600000000000000000e+06 1.380992031097412109e+01 -2.161074066162109375e+02
7.920000000000000000e+06 1.323297977447509766e+01 -2.065482330322265625e+02
8.240000000000000000e+06 1.297423171997070312e+01 -1.974157257080078125e+02
8.560000000000000000e+06 1.353125858306884766e+01 -1.887621459960937500e+02
8.880000000000000000e+06 1.388227558135986328e+01 -1.822507629394531250e+02
9.200000000000000000e+06 1.331027221679687500e+01 -1.755273590087890625e+02
9.520000000000000000e+06 1.301577377319335938e+01 -1.686213989257812500e+02
9.840000000000000000e+06 1.319992733001708984e+01 -1.620647277832031250e+02
1.016000000000000000e+07 1.360593032836914062e+01 -1.558976135253906250e+02
1.048000000000000000e+07 1.414701366424560547e+01 -1.500486602783203125e+02
1.080000000000000000e+07 1.489315319061279297e+01 -1.443657226562500000e+02
1.112000000000000000e+07 1.599059581756591797e+01 -1.389772796630859375e+02
1.144000000000000000e+07 1.757915878295898438e+01 -1.338083038330078125e+02
1.176000000000000000e+07 1.982133674621582031e+01 -1.293056030273437500e+02
1.208000000000000000e+07 2.283063888549804688e+01 -1.258454132080078125e+02
1.240000000000000000e+07 2.537592506408691406e+01 -1.241864929199218750e+02
1.272000000000000000e+07 2.698753738403320312e+01 -1.226036834716796875e+02
1.304000000000000000e+07 2.878203392028808594e+01 -1.219014205932617188e+02
1.336000000000000000e+07 2.963962364196777344e+01 -1.222522964477539062e+02
1.368000000000000000e+07 2.884326553344726562e+01 -1.229270858764648438e+02
1.400000000000000000e+07 2.694367790222167969e+01 -1.227062988281250000e+02
1.432000000000000000e+07 2.466093063354492188e+01 -1.216270675659179688e+02
1.464000000000000000e+07 2.223729324340820312e+01 -1.197143936157226562e+02
1.496000000000000000e+07 2.024981498718261719e+01 -1.168971481323242188e+02
1.528000000000000000e+07 1.904038238525390625e+01 -1.137127304077148438e+02
1.560000000000000000e+07 1.841506576538085938e+01 -1.107163848876953125e+02
1.592000000000000000e+07 1.822785377502441406e+01 -1.078134765625000000e+02
1.624000000000000000e+07 1.848134422302246094e+01 -1.051431884765625000e+02
1.656000000000000000e+07 1.911175537109375000e+01 -1.029160919189453125e+02
1.688000000000000000e+07 2.001238059997558594e+01 -1.014069671630859375e+02
1.720000000000000000e+07 2.055989265441894531e+01 -1.008528594970703125e+02
1.752000000000000000e+07 1.994506835937500000e+01 -1.006936798095703125e+02
1.784000000000000000e+07 1.849481582641601562e+01 -9.963517761230468750e+01
1.816000000000000000e+07 1.753104591369628906e+01 -9.761032867431640625e+01
1.848000000000000000e+07 1.748511123657226562e+01 -9.577287292480468750e+01
1.880000000000000000e+07 1.757439804077148438e+01 -9.467657470703125000e+01
1.912000000000000000e+07 1.713854980468750000e+01 -9.397148895263671875e+01
1.944000000000000000e+07 1.611350250244140625e+01 -9.309037780761718750e+01
1.976000000000000000e+07 1.500887966156005859e+01 -9.178826904296875000e+01
2.008000000000000000e+07 1.403228092193603516e+01 -9.012010192871093750e+01
2.040000000000000000e+07 1.330329704284667969e+01 -8.823207092285156250e+01
2.072000000000000000e+07 1.281865310668945312e+01 -8.634434509277343750e+01
2.104000000000000000e+07 1.251062488555908203e+01 -8.455065917968750000e+01
2.136000000000000000e+07 1.235548686981201172e+01 -8.279194641113281250e+01
2.168000000000000000e+07 1.233248805999755859e+01 -8.108989715576171875e+01
2.200000000000000000e+07 1.245872402191162109e+01 -7.950994873046875000e+01
2.232000000000000000e+07 1.269739532470703125e+01 -7.800033569335937500e+01
2.264000000000000000e+07 1.309357357025146484e+01 -7.662739562988281250e+01
2.296000000000000000e+07 1.355397987365722656e+01 -7.556150054931640625e+01
2.328000000000000000e+07 1.385778999328613281e+01 -7.468130493164062500e+01
2.360000000000000000e+07 1.413099479675292969e+01 -7.387251281738281250e+01
2.392000000000000000e+07 1.437470054626464844e+01 -7.315394592285156250e+01
2.424000000000000000e+07 1.459695625305175781e+01 -7.255173492431640625e+01
2.456000000000000000e+07 1.475653171539306641e+01 -7.208638000488281250e+01
2.488000000000000000e+07 1.464182567596435547e+01 -7.179066467285156250e+01
2.520000000000000000e+07 1.437374305725097656e+01 -7.129450988769531250e+01
2.552000000000000000e+07 1.414726161956787109e+01 -7.079706573486328125e+01
2.584000000000000000e+07 1.388952922821044922e+01 -7.036427307128906250e+01
2.616000000000000000e+07 1.349790382385253906e+01 -6.991932678222656250e+01
2.648000000000000000e+07 1.300987052917480469e+01 -6.939691925048828125e+01
2.680000000000000000e+07 1.247474575042724609e+01 -6.882041931152343750e+01
2.712000000000000000e+07 1.191279506683349609e+01 -6.813842773437500000e+01
2.744000000000000000e+07 1.134217166900634766e+01 -6.736351013183593750e+01
2.776000000000000000e+07 1.081553554534912109e+01 -6.649816894531250000e+01
2.808000000000000000e+07 1.036927223205566406e+01 -6.553523254394531250e+01
2.840000000000000000e+07 1.005281352996826172e+01 -6.457541656494140625e+01
2.872000000000000000e+07 9.741953849792480469e+00 -6.362161254882812500e+01
2.904000000000000000e+07 9.496196746826171875e+00 -6.265277481079101562e+01
2.936000000000000000e+07 9.316252708435058594e+00 -6.173031234741210938e+01
2.968000000000000000e+07 9.131715774536132812e+00 -6.081592178344726562e+01
3.000000000000000000e+07 9.011465072631835938e+00 -5.987701797485351562e+01
3.032000000000000000e+07 8.968924522399902344e+00 -5.894790267944335938e+01
3.064000000000000000e+07 8.927880287170410156e+00 -5.809415817260742188e+01
3.096000000000000000e+07 8.939215660095214844e+00 -5.727634811401367188e+01
3.128000000000000000e+07 8.949964523315429688e+00 -5.649433517456054688e+01
3.160000000000000000e+07 8.952232360839843750e+00 -5.575007247924804688e+01
3.192000000000000000e+07 8.949363708496093750e+00 -5.499933624267578125e+01
3.224000000000000000e+07 8.987835884094238281e+00 -5.424457931518554688e+01
3.256000000000000000e+07 9.054653167724609375e+00 -5.352509689331054688e+01
3.288000000000000000e+07 9.124502182006835938e+00 -5.285490417480468750e+01
3.320000000000000000e+07 9.191882133483886719e+00 -5.218303298950195312e+01
3.352000000000000000e+07 9.261712074279785156e+00 -5.151881408691406250e+01
3.384000000000000000e+07 9.371644020080566406e+00 -5.086616134643554688e+01
3.416000000000000000e+07 9.527552604675292969e+00 -5.022417831420898438e+01
3.448000000000000000e+07 9.726483345031738281e+00 -4.963431167602539062e+01
3.480000000000000000e+07 9.924957275390625000e+00 -4.909151077270507812e+01
3.512000000000000000e+07 1.009968185424804688e+01 -4.860229873657226562e+01
3.544000000000000000e+07 1.029103946685791016e+01 -4.815098571777343750e+01
3.576000000000000000e+07 1.046914005279541016e+01 -4.773925781250000000e+01
3.608000000000000000e+07 1.066117191314697266e+01 -4.735971832275390625e+01
3.640000000000000000e+07 1.084496974945068359e+01 -4.702636337280273438e+01
3.672000000000000000e+07 1.100979137420654297e+01 -4.675387191772460938e+01
3.704000000000000000e+07 1.111951923370361328e+01 -4.655651855468750000e+01
3.736000000000000000e+07 1.115559577941894531e+01 -4.638813400268554688e+01
3.768000000000000000e+07 1.111789894104003906e+01 -4.621533584594726562e+01
3.800000000000000000e+07 1.102853870391845703e+01 -4.601878738403320312e+01
3.832000000000000000e+07 1.092366027832031250e+01 -4.576170349121093750e+01
3.864000000000000000e+07 1.076836013793945312e+01 -4.548012924194335938e+01
3.896000000000000000e+07 1.061988067626953125e+01 -4.518888854980468750e+01
3.928000000000000000e+07 1.043852710723876953e+01 -4.484941864013671875e+01
3.960000000000000000e+07 1.028254699707031250e+01 -4.449388504028320312e+01
3.992000000000000000e+07 1.012857055664062500e+01 -4.411656951904296875e+01
4.024000000000000000e+07 9.990160942077636719e+00 -4.369106292724609375e+01
4.056000000000000000e+07 9.853312492370605469e+00 -4.324703979492187500e+01
4.088000000000000000e+07 9.749965667724609375e+00 -4.280284500122070312e+01
4.120000000000000000e+07 9.666161537170410156e+00 -4.234704589843750000e+01
4.152000000000000000e+07 9.591796875000000000e+00 -4.188611221313476562e+01
4.184000000000000000e+07 9.545711517333984375e+00 -4.142711257934570312e+01
4.216000000000000000e+07 9.533828735351562500e+00 -4.094179534912109375e+01
4.248000000000000000e+07 9.538054466247558594e+00 -4.045047378540039062e+01
4.280000000000000000e+07 9.589324951171875000e+00 -3.997603988647460938e+01
4.312000000000000000e+07 9.663346290588378906e+00 -3.952879333496093750e+01
4.344000000000000000e+07 9.769579887390136719e+00 -3.909316253662109375e+01
4.376000000000000000e+07 9.887723922729492188e+00 -3.870783996582031250e+01
4.408000000000000000e+07 1.000674438476562500e+01 -3.833169174194335938e+01
4.440000000000000000e+07 1.013563442230224609e+01 -3.796391677856445312e+01
4.472000000000000000e+07 1.026394271850585938e+01 -3.762434005737304688e+01
4.504000000000000000e+07 1.038984489440917969e+01 -3.731590652465820312e+01
4.536000000000000000e+07 1.051308631896972656e+01 -3.703911209106445312e+01
4.568000000000000000e+07 1.064109897613525391e+01 -3.677897262573242188e+01
4.600000000000000000e+07 1.076433563232421875e+01 -3.655755233764648438e+01
4.632000000000000000e+07 1.090721988677978516e+01 -3.630039978027343750e+01
4.664000000000000000e+07 1.100504684448242188e+01 -3.608131790161132812e+01
4.696000000000000000e+07 1.110469818115234375e+01 -3.588052749633789062e+01
4.728000000000000000e+07 1.118033981323242188e+01 -3.568698883056640625e+01
4.760000000000000000e+07 1.126273822784423828e+01 -3.552195358276367188e+01
4.792000000000000000e+07 1.132616233825683594e+01 -3.536623764038085938e+01
4.824000000000000000e+07 1.137418174743652344e+01 -3.517623519897460938e+01
4.856000000000000000e+07 1.140876197814941406e+01 -3.499768066406250000e+01
4.888000000000000000e+07 1.141088676452636719e+01 -3.479601287841796875e+01
4.920000000000000000e+07 1.143683338165283203e+01 -3.461330032348632812e+01
4.952000000000000000e+07 1.144138908386230469e+01 -3.445126724243164062e+01
4.984000000000000000e+07 1.145336532592773438e+01 -3.428793334960937500e+01
5.016000000000000000e+07 1.148413848876953125e+01 -3.406704711914062500e+01
5.048000000000000000e+07 1.151092338562011719e+01 -3.385747146606445312e+01
5.080000000000000000e+07 1.152070426940917969e+01 -3.366979980468750000e+01
5.112000000000000000e+07 1.152044582366943359e+01 -3.348925399780273438e+01
5.144000000000000000e+07 1.154021167755126953e+01 -3.330644226074218750e+01
5.176000000000000000e+07 1.154906463623046875e+01 -3.314739227294921875e+01
5.208000000000000000e+07 1.158008384704589844e+01 -3.294330596923828125e+01
5.240000000000000000e+07 1.163162326812744141e+01 -3.269962310791015625e+01
5.272000000000000000e+07 1.168862628936767578e+01 -3.249593353271484375e+01
5.304000000000000000e+07 1.173292350769042969e+01 -3.235741806030273438e+01
5.336000000000000000e+07 1.174054431915283203e+01 -3.223724365234375000e+01
5.368000000000000000e+07 1.176498889923095703e+01 -3.213606643676757812e+01
5.400000000000000000e+07 1.179296302795410156e+01 -3.203027343750000000e+01
5.432000000000000000e+07 1.185197639465332031e+01 -3.175827598571777344e+01
5.464000000000000000e+07 1.187402248382568359e+01 -3.157025909423828125e+01
5.496000000000000000e+07 1.187935256958007812e+01 -3.144188880920410156e+01
5.528000000000000000e+07 1.187321758270263672e+01 -3.137324142456054688e+01
5.560000000000000000e+07 1.183592796325683594e+01 -3.127012634277343750e+01
5.592000000000000000e+07 1.180103492736816406e+01 -3.115715217590332031e+01
5.624000000000000000e+07 1.180937957763671875e+01 -3.083833312988281250e+01
5.656000000000000000e+07 1.183476161956787109e+01 -3.057044410705566406e+01
5.688000000000000000e+07 1.183232975006103516e+01 -3.038013839721679688e+01
5.720000000000000000e+07 1.183988952636718750e+01 -3.025573158264160156e+01
5.752000000000000000e+07 1.185868930816650391e+01 -3.015732955932617188e+01
5.784000000000000000e+07 1.186352729797363281e+01 -3.007747459411621094e+01
5.816000000000000000e+07 1.200218296051025391e+01 -2.970817565917968750e+01
5.848000000000000000e+07 1.214564037322998047e+01 -2.927743148803710938e+01
5.880000000000000000e+07 1.222448062896728516e+01 -2.907204055786132812e+01
5.912000000000000000e+07 1.226402854919433594e+01 -2.902823066711425781e+01
5.944000000000000000e+07 1.225329113006591797e+01 -2.907936668395996094e+01
5.976000000000000000e+07 1.224956893920898438e+01 -2.916608619689941406e+01
6.008000000000000000e+07 1.250228691101074219e+01 -2.886104774475097656e+01
6.040000000000000000e+07 1.330635261535644531e+01 -2.795282363891601562e+01
6.072000000000000000e+07 1.358075904846191406e+01 -2.762472152709960938e+01
6.104000000000000000e+07 1.339623451232910156e+01 -2.763378334045410156e+01
6.136000000000000000e+07 1.301411247253417969e+01 -2.786447715759277344e+01
6.168000000000000000e+07 1.266999340057373047e+01 -2.818457412719726562e+01
6.200000000000000000e+07 1.247162246704101562e+01 -2.850760269165039062e+01
6.232000000000000000e+07 1.427490997314453125e+01 -3.068651580810546875e+01
6.264000000000000000e+07 1.441171932220458984e+01 -3.071243095397949219e+01
6.296000000000000000e+07 1.436779975891113281e+01 -3.032068443298339844e+01
6.328000000000000000e+07 1.419337368011474609e+01 -2.973200798034667969e+01
6.360000000000000000e+07 1.383276081085205078e+01 -2.900897216796875000e+01
6.392000000000000000e+07 1.308948707580566406e+01 -2.821107673645019531e+01
6.424000000000000000e+07 1.162232971191406250e+01 -3.052178573608398438e+01
6.456000000000000000e+07 1.275845241546630859e+01 -3.040178489685058594e+01
6.488000000000000000e+07 1.301049232482910156e+01 -2.975641632080078125e+01
6.520000000000000000e+07 1.304942131042480469e+01 -2.912903594970703125e+01
6.552000000000000000e+07 1.302177429199218750e+01 -2.852490615844726562e+01
6.584000000000000000e+07 1.295104312896728516e+01 -2.793915557861328125e+01
6.616000000000000000e+07 1.275295352935791016e+01 -2.728838729858398438e+01
6.648000000000000000e+07 1.225867557525634766e+01 -2.649289131164550781e+01
6.680000000000000000e+07 1.109167671203613281e+01 -2.556678199768066406e+01
6.712000000000000000e+07 7.651014328002929688e+00 -2.670279502868652344e+01
6.744000000000000000e+07 1.132393360137939453e+01 -3.043331909179687500e+01
6.776000000000000000e+07 1.292616367340087891e+01 -2.835113716125488281e+01
6.808000000000000000e+07 1.298627281188964844e+01 -2.730041122436523438e+01
6.840000000000000000e+07 1.283397769927978516e+01 -2.703014564514160156e+01
6.872000000000000000e+07 1.269448661804199219e+01 -2.683175277709960938e+01
6.904000000000000000e+07 1.257783222198486328e+01 -2.671718215942382812e+01
6.936000000000000000e+07 1.253815841674804688e+01 -2.673738098144531250e+01
6.968000000000000000e+07 1.267727661132812500e+01 -2.689542961120605469e+01
7.000000000000000000e+07 1.309281635284423828e+01 -2.712820625305175781e+01
