6.000000000000000000e+06 1.997585868835449219e+01 -2.944746398925781250e+02
6.320000000000000000e+06 1.823813056945800781e+01 -2.789139404296875000e+02
6.640000000000000000e+06 1.691531944274902344e+01 -2.648234252929687500e+02
6.960000000000000000e+06 1.584519577026367188e+01 -2.519183654785156250e+02
7.280000000000000000e+06 1.535685539245605469e+01 -2.399639129638671875e+02
7.600000000000000000e+06 1.475079917907714844e+01 -2.289538116455078125e+02
7.920000000000000000e+06 1.410933589935302734e+01 -2.190103759765625000e+02
8.240000000000000000e+06 1.377791309356689453e+01 -2.094190521240234375e+02
8.560000000000000000e+06 1.436189651489257812e+01 -1.999805603027343750e+02
8.880000000000000000e+06 1.484719944000244141e+01 -1.933580169677734375e+02
9.200000000000000000e+06 1.412855339050292969e+01 -1.861061706542968750e+02
9.520000000000000000e+06 1.375832843780517578e+01 -1.788211059570312500e+02
9.840000000000000000e+06 1.377688026428222656e+01 -1.717743072509765625e+02
1.016000000000000000e+07 1.422343349456787109e+01 -1.652053527832031250e+02
1.048000000000000000e+07 1.472687625885009766e+01 -1.590719451904296875e+02
1.080000000000000000e+07 1.532488822937011719e+01 -1.530065460205078125e+02
1.112000000000000000e+07 1.633336830139160156e+01 -1.471679077148437500e+02
1.144000000000000000e+07 1.796479797363281250e+01 -1.416331176757812500e+02
1.176000000000000000e+07 2.030961608886718750e+01 -1.364974365234375000e+02
1.208000000000000000e+07 2.356291770935058594e+01 -1.325630340576171875e+02
1.240000000000000000e+07 2.662919425964355469e+01 -1.307931976318359375e+02
1.272000000000000000e+07 2.856411170959472656e+01 -1.289262542724609375e+02
1.304000000000000000e+07 3.110203552246093750e+01 -1.281404876708984375e+02
1.336000000000000000e+07 3.250696182250976562e+01 -1.290495910644531250e+02
1.368000000000000000e+07 3.179446792602539062e+01 -1.306224670410156250e+02
1.400000000000000000e+07 2.917332839965820312e+01 -1.309949798583984375e+02
1.432000000000000000e+07 2.645534706115722656e+01 -1.299933166503906250e+02
1.464000000000000000e+07 2.351148986816406250e+01 -1.280448150634765625e+02
1.496000000000000000e+07 2.076323890686035156e+01 -1.249088516235351562e+02
1.528000000000000000e+07 1.907305908203125000e+01 -1.214684829711914062e+02
1.560000000000000000e+07 1.817417907714843750e+01 -1.180340270996093750e+02
1.592000000000000000e+07 1.766815757751464844e+01 -1.146590194702148438e+02
1.624000000000000000e+07 1.786529350280761719e+01 -1.114238662719726562e+02
1.656000000000000000e+07 1.862712097167968750e+01 -1.086147232055664062e+02
1.688000000000000000e+07 1.981603622436523438e+01 -1.065652389526367188e+02
1.720000000000000000e+07 2.102110481262207031e+01 -1.058287506103515625e+02
1.752000000000000000e+07 2.075896263122558594e+01 -1.060890731811523438e+02
1.784000000000000000e+07 1.893557548522949219e+01 -1.052813034057617188e+02
1.816000000000000000e+07 1.763287734985351562e+01 -1.028979187011718750e+02
1.848000000000000000e+07 1.772894668579101562e+01 -1.005501785278320312e+02
1.880000000000000000e+07 1.834500694274902344e+01 -9.932476806640625000e+01
1.912000000000000000e+07 1.819126510620117188e+01 -9.889827728271484375e+01
1.944000000000000000e+07 1.713841056823730469e+01 -9.833423614501953125e+01
1.976000000000000000e+07 1.580346298217773438e+01 -9.720166778564453125e+01
2.008000000000000000e+07 1.450937747955322266e+01 -9.554827117919921875e+01
2.040000000000000000e+07 1.355930423736572266e+01 -9.356105041503906250e+01
2.072000000000000000e+07 1.292773151397705078e+01 -9.151824951171875000e+01
2.104000000000000000e+07 1.252897262573242188e+01 -8.951175689697265625e+01
2.136000000000000000e+07 1.230635261535644531e+01 -8.756372070312500000e+01
2.168000000000000000e+07 1.224782752990722656e+01 -8.570546722412109375e+01
2.200000000000000000e+07 1.232963180541992188e+01 -8.392719268798828125e+01
2.232000000000000000e+07 1.260245609283447266e+01 -8.218365478515625000e+01
2.264000000000000000e+07 1.313827896118164062e+01 -8.063412475585937500e+01
2.296000000000000000e+07 1.378928661346435547e+01 -7.959930419921875000e+01
2.328000000000000000e+07 1.413097476959228516e+01 -7.878820800781250000e+01
2.360000000000000000e+07 1.434458541870117188e+01 -7.795937347412109375e+01
2.392000000000000000e+07 1.459733963012695312e+01 -7.715747070312500000e+01
2.424000000000000000e+07 1.478543758392333984e+01 -7.653617095947265625e+01
2.456000000000000000e+07 1.496438980102539062e+01 -7.606040954589843750e+01
2.488000000000000000e+07 1.487912082672119141e+01 -7.574322509765625000e+01
2.520000000000000000e+07 1.452658939361572266e+01 -7.527774047851562500e+01
2.552000000000000000e+07 1.422223567962646484e+01 -7.467302703857421875e+01
2.584000000000000000e+07 1.396722984313964844e+01 -7.417860412597656250e+01
2.616000000000000000e+07 1.356137180328369141e+01 -7.364138793945312500e+01
2.648000000000000000e+07 1.307735252380371094e+01 -7.307965850830078125e+01
2.680000000000000000e+07 1.256368637084960938e+01 -7.245555114746093750e+01
2.712000000000000000e+07 1.194995307922363281e+01 -7.175209045410156250e+01
2.744000000000000000e+07 1.138039588928222656e+01 -7.093780517578125000e+01
2.776000000000000000e+07 1.078307533264160156e+01 -7.002198791503906250e+01
2.808000000000000000e+07 1.030768775939941406e+01 -6.899163818359375000e+01
2.840000000000000000e+07 9.941618919372558594e+00 -6.794554138183593750e+01
2.872000000000000000e+07 9.612404823303222656e+00 -6.693548583984375000e+01
2.904000000000000000e+07 9.373189926147460938e+00 -6.590158081054687500e+01
2.936000000000000000e+07 9.147029876708984375e+00 -6.490690612792968750e+01
2.968000000000000000e+07 8.963354110717773438e+00 -6.391046905517578125e+01
3.000000000000000000e+07 8.823431015014648438e+00 -6.290434265136718750e+01
3.032000000000000000e+07 8.785006523132324219e+00 -6.195022201538085938e+01
3.064000000000000000e+07 8.756723403930664062e+00 -6.101643371582031250e+01
3.096000000000000000e+07 8.770589828491210938e+00 -6.011773681640625000e+01
3.128000000000000000e+07 8.806468009948730469e+00 -5.929843521118164062e+01
3.160000000000000000e+07 8.827714920043945312e+00 -5.849799346923828125e+01
3.192000000000000000e+07 8.845985412597656250e+00 -5.770177078247070312e+01
3.224000000000000000e+07 8.910128593444824219e+00 -5.690248489379882812e+01
3.256000000000000000e+07 8.973990440368652344e+00 -5.615739440917968750e+01
3.288000000000000000e+07 9.060181617736816406e+00 -5.543892288208007812e+01
3.320000000000000000e+07 9.133015632629394531e+00 -5.474408340454101562e+01
3.352000000000000000e+07 9.233651161193847656e+00 -5.405112838745117188e+01
3.384000000000000000e+07 9.341692924499511719e+00 -5.336201095581054688e+01
3.416000000000000000e+07 9.483242988586425781e+00 -5.271366882324218750e+01
3.448000000000000000e+07 9.673326492309570312e+00 -5.210129547119140625e+01
3.480000000000000000e+07 9.867252349853515625e+00 -5.154840469360351562e+01
3.512000000000000000e+07 1.005352592468261719e+01 -5.102813720703125000e+01
3.544000000000000000e+07 1.021867275238037109e+01 -5.056214904785156250e+01
3.576000000000000000e+07 1.040486621856689453e+01 -5.011630249023437500e+01
3.608000000000000000e+07 1.058324050903320312e+01 -4.969471740722656250e+01
3.640000000000000000e+07 1.077180671691894531e+01 -4.932277297973632812e+01
3.672000000000000000e+07 1.093213939666748047e+01 -4.901754379272460938e+01
3.704000000000000000e+07 1.104998970031738281e+01 -4.877886962890625000e+01
3.736000000000000000e+07 1.110222339630126953e+01 -4.857010269165039062e+01
3.768000000000000000e+07 1.105668354034423828e+01 -4.836960220336914062e+01
3.800000000000000000e+07 1.097561645507812500e+01 -4.812668228149414062e+01
3.832000000000000000e+07 1.085756492614746094e+01 -4.786420822143554688e+01
3.864000000000000000e+07 1.071087646484375000e+01 -4.757303237915039062e+01
3.896000000000000000e+07 1.055295562744140625e+01 -4.725228881835937500e+01
3.928000000000000000e+07 1.036597251892089844e+01 -4.689874267578125000e+01
3.960000000000000000e+07 1.021384048461914062e+01 -4.650069046020507812e+01
3.992000000000000000e+07 1.004404640197753906e+01 -4.608948898315429688e+01
4.024000000000000000e+07 9.908342361450195312e+00 -4.565305328369140625e+01
4.056000000000000000e+07 9.797629356384277344e+00 -4.521361160278320312e+01
4.088000000000000000e+07 9.663402557373046875e+00 -4.473585128784179688e+01
4.120000000000000000e+07 9.586627960205078125e+00 -4.425245666503906250e+01
4.152000000000000000e+07 9.516548156738281250e+00 -4.375663757324218750e+01
4.184000000000000000e+07 9.481641769409179688e+00 -4.327418518066406250e+01
4.216000000000000000e+07 9.459676742553710938e+00 -4.278302383422851562e+01
4.248000000000000000e+07 9.476049423217773438e+00 -4.228274536132812500e+01
4.280000000000000000e+07 9.526373863220214844e+00 -4.179818725585937500e+01
4.312000000000000000e+07 9.582739830017089844e+00 -4.132383728027343750e+01
4.344000000000000000e+07 9.680794715881347656e+00 -4.087593078613281250e+01
4.376000000000000000e+07 9.802131652832031250e+00 -4.045000076293945312e+01
4.408000000000000000e+07 9.930064201354980469e+00 -4.006097412109375000e+01
4.440000000000000000e+07 1.003576660156250000e+01 -3.968827438354492188e+01
4.472000000000000000e+07 1.016516017913818359e+01 -3.934558486938476562e+01
4.504000000000000000e+07 1.029957580566406250e+01 -3.901884841918945312e+01
4.536000000000000000e+07 1.043507671356201172e+01 -3.870615768432617188e+01
4.568000000000000000e+07 1.055915260314941406e+01 -3.840197753906250000e+01
4.600000000000000000e+07 1.069826507568359375e+01 -3.813442611694335938e+01
4.632000000000000000e+07 1.082529640197753906e+01 -3.789542770385742188e+01
4.664000000000000000e+07 1.094024372100830078e+01 -3.766267395019531250e+01
4.696000000000000000e+07 1.105131149291992188e+01 -3.743861389160156250e+01
4.728000000000000000e+07 1.116197299957275391e+01 -3.724496841430664062e+01
4.760000000000000000e+07 1.123971080780029297e+01 -3.708298492431640625e+01
4.792000000000000000e+07 1.129978656768798828e+01 -3.691758346557617188e+01
4.824000000000000000e+07 1.132533740997314453e+01 -3.675382614135742188e+01
4.856000000000000000e+07 1.132257175445556641e+01 -3.658677291870117188e+01
4.888000000000000000e+07 1.131694602966308594e+01 -3.639720916748046875e+01
4.920000000000000000e+07 1.130620861053466797e+01 -3.618439483642578125e+01
4.952000000000000000e+07 1.132433319091796875e+01 -3.598159027099609375e+01
4.984000000000000000e+07 1.133198928833007812e+01 -3.578006744384765625e+01
5.016000000000000000e+07 1.133391189575195312e+01 -3.559201431274414062e+01
5.048000000000000000e+07 1.135223293304443359e+01 -3.540814208984375000e+01
5.080000000000000000e+07 1.136378765106201172e+01 -3.523646163940429688e+01
5.112000000000000000e+07 1.135883331298828125e+01 -3.504146194458007812e+01
5.144000000000000000e+07 1.135381031036376953e+01 -3.484638214111328125e+01
5.176000000000000000e+07 1.132905006408691406e+01 -3.464910507202148438e+01
5.208000000000000000e+07 1.133982372283935547e+01 -3.443514251708984375e+01
5.240000000000000000e+07 1.134785175323486328e+01 -3.423588562011718750e+01
5.272000000000000000e+07 1.136528015136718750e+01 -3.403514099121093750e+01
5.304000000000000000e+07 1.139038467407226562e+01 -3.384943008422851562e+01
5.336000000000000000e+07 1.141038227081298828e+01 -3.367995834350585938e+01
5.368000000000000000e+07 1.141430759429931641e+01 -3.352025985717773438e+01
5.400000000000000000e+07 1.142607402801513672e+01 -3.335187911987304688e+01
5.432000000000000000e+07 1.143468093872070312e+01 -3.318348312377929688e+01
5.464000000000000000e+07 1.145458126068115234e+01 -3.303614425659179688e+01
5.496000000000000000e+07 1.146236419677734375e+01 -3.288521575927734375e+01
5.528000000000000000e+07 1.143674182891845703e+01 -3.274990463256835938e+01
5.560000000000000000e+07 1.139748764038085938e+01 -3.259933471679687500e+01
5.592000000000000000e+07 1.136302566528320312e+01 -3.242388916015625000e+01
5.624000000000000000e+07 1.132442283630371094e+01 -3.223461151123046875e+01
5.656000000000000000e+07 1.130128574371337891e+01 -3.205035400390625000e+01
5.688000000000000000e+07 1.128890705108642578e+01 -3.185527610778808594e+01
5.720000000000000000e+07 1.128064537048339844e+01 -3.165851402282714844e+01
5.752000000000000000e+07 1.129356002807617188e+01 -3.145772552490234375e+01
5.784000000000000000e+07 1.129793739318847656e+01 -3.127018928527832031e+01
5.816000000000000000e+07 1.132812404632568359e+01 -3.108279418945312500e+01
5.848000000000000000e+07 1.136311721801757812e+01 -3.089846801757812500e+01
5.880000000000000000e+07 1.141797637939453125e+01 -3.072187805175781250e+01
5.912000000000000000e+07 1.145054244995117188e+01 -3.056515121459960938e+01
5.944000000000000000e+07 1.149307823181152344e+01 -3.044154739379882812e+01
5.976000000000000000e+07 1.152767658233642578e+01 -3.031952476501464844e+01
6.008000000000000000e+07 1.153633403778076172e+01 -3.019202041625976562e+01
6.040000000000000000e+07 1.153804779052734375e+01 -3.005952262878417969e+01
6.072000000000000000e+07 1.154718589782714844e+01 -2.992140579223632812e+01
6.104000000000000000e+07 1.156368827819824219e+01 -2.977604293823242188e+01
6.136000000000000000e+07 1.158428287506103516e+01 -2.964304351806640625e+01
6.168000000000000000e+07 1.160715675354003906e+01 -2.950437545776367188e+01
6.200000000000000000e+07 1.164081573486328125e+01 -2.937158393859863281e+01
6.232000000000000000e+07 1.167198657989501953e+01 -2.924899673461914062e+01
6.264000000000000000e+07 1.172603225708007812e+01 -2.911872482299804688e+01
6.296000000000000000e+07 1.175781536102294922e+01 -2.904758071899414062e+01
6.328000000000000000e+07 1.178012371063232422e+01 -2.895688629150390625e+01
6.360000000000000000e+07 1.179217147827148438e+01 -2.888327789306640625e+01
6.392000000000000000e+07 1.178224754333496094e+01 -2.880628967285156250e+01
6.424000000000000000e+07 1.179057025909423828e+01 -2.871449661254882812e+01
6.456000000000000000e+07 1.177487468719482422e+01 -2.862740707397460938e+01
6.488000000000000000e+07 1.175950908660888672e+01 -2.851420974731445312e+01
6.520000000000000000e+07 1.174734020233154297e+01 -2.841219139099121094e+01
6.552000000000000000e+07 1.175200653076171875e+01 -2.829711914062500000e+01
6.584000000000000000e+07 1.175803279876708984e+01 -2.820534133911132812e+01
6.616000000000000000e+07 1.176417064666748047e+01 -2.810404777526855469e+01
6.648000000000000000e+07 1.176690006256103516e+01 -2.800575447082519531e+01
6.680000000000000000e+07 1.176958274841308594e+01 -2.793690681457519531e+01
6.712000000000000000e+07 1.176584243774414062e+01 -2.785632324218750000e+01
6.744000000000000000e+07 1.175136089324951172e+01 -2.777794837951660156e+01
6.776000000000000000e+07 1.174689388275146484e+01 -2.769914817810058594e+01
6.808000000000000000e+07 1.175371456146240234e+01 -2.762050247192382812e+01
6.840000000000000000e+07 1.172554206848144531e+01 -2.753754806518554688e+01
6.872000000000000000e+07 1.173464012145996094e+01 -2.746085929870605469e+01
6.904000000000000000e+07 1.171923446655273438e+01 -2.736622047424316406e+01
6.936000000000000000e+07 1.170447063446044922e+01 -2.728942871093750000e+01
6.968000000000000000e+07 1.169063472747802734e+01 -2.721688461303710938e+01
7.000000000000000000e+07 1.169873428344726562e+01 -2.712954902648925781e+01
